88 0.70546875 0.85703125 0.0890625 0.0796875
88 0.671875 0.76640625 0.121875 0.1078125
88 0.53359375 0.66796875 0.1 0.1
88 0.7 0.65859375 0.1 0.1109375
88 0.65859375 0.59140625 0.1046875 0.0765625
88 0.6109375 0.66171875 0.065625 0.0859375
76 0.5609375 0.8 0.1609375 0.175
23 0.38359375 0.78203125 0.0671875 0.1796875
23 0.44453125 0.6703125 0.0453125 0.1734375
23 0.4140625 0.6453125 0.078125 0.15
23 0.30546875 0.621875 0.0328125 0.065625
51 0.1359375 0.796875 0.134375 0.1265625
51 0.18359375 0.703125 0.0890625 0.09375
76 0.275 0.271875 0.215625 0.2125
66 0.696875 0.06171875 0.171875 0.1234375
19 0.18828125 0.04140625 0.1546875 0.0828125