56 0.4 0.76328125 0.35625 0.0734375
20 0.43046875 0.58359375 0.528125 0.153125
93 0.28046875 0.53203125 0.2171875 0.0703125
93 0.50859375 0.471875 0.2609375 0.084375
13 0.70859375 0.2953125 0.1828125 0.190625
13 0.553125 0.30703125 0.1609375 0.2140625
13 0.4859375 0.31171875 0.171875 0.2234375
13 0.646875 0.39296875 0.165625 0.0859375
11 0.90546875 0.54296875 0.1890625 0.3078125
46 0.7859375 0.71484375 0.2 0.1703125
46 0.93046875 0.728125 0.1390625 0.14375
25 0.90234375 0.31171875 0.1953125 0.2234375