56 0.921875 0.33515625 0.15625 0.0578125
90 0.8890625 0.4234375 0.0671875 0.1203125
93 0.9890625 0.4796875 0.021875 0.046875
93 0.90859375 0.49296875 0.171875 0.040625
46 0.675 0.38203125 0.1609375 0.103125
57 0.7 0.51796875 0.178125 0.0578125
25 0.478125 0.571875 0.1 0.09375
46 0.4609375 0.46015625 0.15625 0.0734375
67 0.4859375 0.375 0.178125 0.1078125
57 0.15546875 0.628125 0.2671875 0.0625
19 0.196875 0.54296875 0.2609375 0.09375
20 0.24140625 0.45 0.25 0.0875
76 0.05859375 0.4234375 0.1171875 0.0796875
93 0.9859375 0.5296875 0.028125 0.034375
93 0.90546875 0.53515625 0.1453125 0.04375