56 0.08046875 0.60859375 0.1609375 0.05
46 0.10859375 0.5453125 0.1390625 0.084375
93 0.103125 0.478125 0.15625 0.04375
10 0.103125 0.35703125 0.20625 0.0671875
89 0.096875 0.30234375 0.19375 0.0609375
13 0.371875 0.33671875 0.14375 0.0390625
51 0.34453125 0.403125 0.1328125 0.046875
11 0.3609375 0.35703125 0.2 0.046875
66 0.3390625 0.521875 0.178125 0.05
46 0.321875 0.575 0.171875 0.075
67 0.54140625 0.5765625 0.1953125 0.0875
10 0.54140625 0.503125 0.1390625 0.053125
19 0.8390625 0.41171875 0.265625 0.0890625
57 0.85859375 0.33515625 0.278125 0.0671875
20 0.778125 0.50703125 0.234375 0.0921875
76 0.95546875 0.546875 0.0890625 0.09375
66 0.346875 0.48828125 0.171875 0.0640625
66 0.28359375 0.496875 0.121875 0.034375
10 0.5609375 0.45859375 0.165625 0.0578125
13 0.36640625 0.31171875 0.2109375 0.0234375
13 0.34453125 0.29140625 0.178125 0.0328125
40 0.571875 0.6953125 0.4 0.0875
40 0.69140625 0.76171875 0.5953125 0.0765625