46 0.09453125 0.04140625 0.1890625 0.0796875
10 0.596875 0.0484375 0.1609375 0.09375
89 0.7609375 0.0265625 0.14375 0.053125
46 0.0609375 0.2953125 0.121875 0.103125
13 0.80859375 0.23984375 0.078125 0.1328125
13 0.7390625 0.26484375 0.05625 0.1390625
13 0.678125 0.29140625 0.065625 0.1171875
67 0.0859375 0.48359375 0.171875 0.1796875
10 0.30546875 0.4796875 0.2546875 0.1796875
19 0.5109375 0.73515625 0.221875 0.2640625
20 0.2890625 0.7046875 0.215625 0.2375
57 0.74140625 0.7453125 0.1828125 0.278125
76 0.2359375 0.93828125 0.240625 0.1234375
66 0.26640625 0.278125 0.178125 0.153125
66 0.16953125 0.26484375 0.1390625 0.1703125