88 0.03359375 0.6234375 0.0671875 0.053125
88 0.071875 0.60234375 0.14375 0.0734375
88 0.21953125 0.5203125 0.165625 0.0671875
88 0.2359375 0.6203125 0.184375 0.059375
88 0.346875 0.5953125 0.128125 0.0640625
88 0.23046875 0.56640625 0.1453125 0.040625
76 0.071875 0.5359375 0.14375 0.1
23 0.0890625 0.4296875 0.178125 0.040625
23 0.21640625 0.46640625 0.2890625 0.0265625
23 0.25859375 0.4484375 0.25 0.046875
23 0.296875 0.38359375 0.1171875 0.0203125
51 0.05546875 0.2796875 0.1109375 0.0796875
51 0.1609375 0.31015625 0.1546875 0.053125
76 0.85 0.36484375 0.3 0.1296875