23 0.43984375 0.27265625 0.19375 0.175
15 0.55703125 0.21484375 0.1046875 0.1609375
88 0.184375 0.36796875 0.215625 0.1640625
32 0.55234375 0.065625 0.1140625 0.13125
53 0.4296875 0.1046875 0.0953125 0.0921875
51 0.35625 0.12734375 0.109375 0.0984375
62 0.21171875 0.178125 0.109375 0.1140625
10 0.27109375 0.1515625 0.096875 0.0984375
68 0.0953125 0.228125 0.140625 0.128125
68 0.06875 0.11640625 0.1375 0.1171875
68 0.2859375 0.03125 0.08125 0.0625
68 0.35703125 0.0328125 0.1046875 0.065625
68 0.440625 0.01875 0.090625 0.0375
68 0.50390625 0.01484375 0.1296875 0.0296875
22 0.178125 0.0671875 0.128125 0.134375
18 0.63984375 0.234375 0.0609375 0.240625
68 0.62421875 0.2921875 0.0296875 0.215625
68 0.634375 0.12734375 0.05 0.1484375
68 0.65234375 0.22734375 0.0625 0.096875
68 0.884375 0.02578125 0.08125 0.0515625
68 0.8359375 0.0375 0.09375 0.075
68 0.7875 0.03671875 0.09375 0.0734375
68 0.65703125 0.06171875 0.0921875 0.1234375
64 0.725 0.05 0.10625 0.1
92 0.95546875 0.09296875 0.0890625 0.1515625
15 0.81484375 0.284375 0.165625 0.1359375
73 0.95625 0.221875 0.0875 0.14375
15 0.86640625 0.1453125 0.109375 0.146875
68 0.26640625 0.75234375 0.1890625 0.18125
68 0.2765625 0.4953125 0.2 0.090625
62 0.52109375 0.88984375 0.1765625 0.2203125
31 0.12890625 0.51484375 0.1421875 0.1296875
68 0.65 0.6046875 0.08125 0.18125
53 0.89609375 0.92265625 0.2078125 0.1546875
62 0.88203125 0.74921875 0.2359375 0.2328125
53 0.97421875 0.84921875 0.0515625 0.2453125
70 0.74453125 0.92265625 0.1890625 0.1546875