23 0.0234375 0.35078125 0.046875 0.1765625
15 0.02734375 0.1828125 0.0546875 0.175
32 0.146875 0.17890625 0.1 0.1453125
53 0.146875 0.3296875 0.078125 0.0890625
51 0.14375 0.4046875 0.06875 0.0953125
68 0.278125 0.4375 0.103125 0.04375
68 0.25625 0.38125 0.090625 0.0890625
68 0.25546875 0.2953125 0.0765625 0.078125
68 0.26640625 0.228125 0.1125 0.1078125
68 0.28203125 0.15234375 0.115625 0.071875
93 0.4796875 0.19140625 0.0859375 0.0984375
93 0.39375 0.18671875 0.084375 0.1203125
18 0.44453125 0.33359375 0.1890625 0.1171875
68 0.40546875 0.41875 0.1140625 0.08125
18 0.81640625 0.14140625 0.1796875 0.0796875
22 0.78828125 0.1875 0.1203125 0.0703125
89 0.80390625 0.2375 0.1203125 0.0671875
68 0.80078125 0.2890625 0.103125 0.071875
68 0.8078125 0.32421875 0.1296875 0.08125
18 0.8484375 0.35625 0.1921875 0.0578125
18 0.83828125 0.39453125 0.153125 0.06875
18 0.609375 0.23671875 0.140625 0.0890625
18 0.59921875 0.16640625 0.1203125 0.1703125
18 0.57109375 0.09921875 0.0640625 0.1078125
18 0.6109375 0.4 0.14375 0.0625
18 0.60859375 0.33984375 0.1390625 0.0703125
57 0.61015625 0.28671875 0.1421875 0.0703125
18 0.278125 0.96640625 0.246875 0.0671875
68 0.52265625 0.5125 0.0328125 0.10625
68 0.52109375 0.6484375 0.0359375 0.125
68 0.5125 0.79453125 0.053125 0.1390625
68 0.43125 0.79296875 0.06875 0.1203125
68 0.43515625 0.65625 0.0828125 0.1421875
68 0.45 0.5140625 0.084375 0.109375
68 0.378125 0.51328125 0.071875 0.1078125
68 0.36875 0.6453125 0.078125 0.1265625
68 0.36015625 0.78671875 0.071875 0.1125
32 0.17109375 0.571875 0.1140625 0.225
68 0.16484375 0.78125 0.1203125 0.1515625
68 0.23515625 0.64921875 0.1140625 0.1078125
69 0.2796875 0.525 0.071875 0.13125
88 0.18046875 0.9640625 0.0890625 0.071875
10 0.0171875 0.95703125 0.034375 0.0859375
23 0.04609375 0.490625 0.0765625 0.0625
15 0.0390625 0.56484375 0.078125 0.1046875
64 0.0359375 0.69765625 0.071875 0.1796875
57 0.8296875 0.5359375 0.340625 0.153125
18 0.83046875 0.65 0.3390625 0.15625
18 0.825 0.82734375 0.35 0.2015625
57 0.77578125 0.93984375 0.2859375 0.1203125
22 0.578125 0.8203125 0.078125 0.1625