23 0.71953125 0.525 0.30625 0.1671875
50 0.1359375 0.58671875 0.228125 0.2
81 0.41640625 0.5015625 0.30625 0.1765625
31 0.175 0.24140625 0.3453125 0.0796875
25 0.896875 0.03203125 0.20625 0.0609375
40 0.13046875 0.053125 0.25 0.09375
40 0.38046875 0.021875 0.2953125 0.04375
76 0.3359375 0.8015625 0.5953125 0.2265625
12 0.39140625 0.0796875 0.1890625 0.0703125
12 0.51953125 0.0796875 0.1109375 0.0765625
88 0.778125 0.84140625 0.1109375 0.0765625
88 0.728125 0.78671875 0.134375 0.05
88 0.89453125 0.86640625 0.10625 0.0796875
88 0.875 0.9296875 0.15 0.09375
88 0.753125 0.91015625 0.1171875 0.0875
76 0.3359375 0.78828125 0.60625 0.2609375
93 0.8140625 0.321875 0.121875 0.0796875