31 0.04609375 0.25078125 0.0921875 0.1703125
64 0.11171875 0.43359375 0.2234375 0.1703125
10 0.446875 0.2859375 0.084375 0.340625
32 0.40390625 0.43046875 0.1328125 0.159375
51 0.240625 0.3375 0.2328125 0.240625
68 0.16640625 0.1375 0.2453125 0.275
68 0.6015625 0.2671875 0.128125 0.1625
68 0.65546875 0.43515625 0.1078125 0.1671875
68 0.9296875 0.36640625 0.140625 0.3046875
88 0.7484375 0.2 0.20625 0.2078125
31 0.83671875 0.5078125 0.1296875 0.021875
88 0.84609375 0.46640625 0.0859375 0.08125
31 0.72421875 0.36796875 0.0984375 0.121875
68 0.5578125 0.19609375 0.1375 0.1671875
68 0.5390625 0.0640625 0.1 0.128125
53 0.51484375 0.44296875 0.0515625 0.1515625
18 0.1 0.94140625 0.2 0.1171875
18 0.35859375 0.940625 0.2609375 0.11875
18 0.35625 0.778125 0.265625 0.20625
83 0.065625 0.81484375 0.09375 0.13125
68 0.0265625 0.6171875 0.053125 0.1375
68 0.06640625 0.59296875 0.1140625 0.1484375
68 0.16015625 0.58046875 0.1015625 0.1234375
68 0.22890625 0.56875 0.0953125 0.1
68 0.4171875 0.5625 0.14375 0.0875
88 0.4453125 0.759375 0.0875 0.184375
64 0.38828125 0.89375 0.1953125 0.1296875
22 0.565625 0.7515625 0.153125 0.29375
18 0.57109375 0.93515625 0.1640625 0.1296875
18 0.58125 0.98359375 0.16875 0.0328125
68 0.52421875 0.571875 0.0703125 0.10625
93 0.70703125 0.93203125 0.1015625 0.13125
93 0.6796875 0.83046875 0.0921875 0.103125
57 0.859375 0.65 0.2296875 0.165625
57 0.8390625 0.77421875 0.1296875 0.11875
57 0.93359375 0.76015625 0.1328125 0.1328125
57 0.88671875 0.90078125 0.2265625 0.1984375