18 0.1375 0.54609375 0.25625 0.0265625
18 0.1328125 0.528125 0.265625 0.0625
69 0.01796875 0.2296875 0.0359375 0.190625
68 0.2890625 0.059375 0.121875 0.11875
93 0.01953125 0.121875 0.0390625 0.053125
68 0.44609375 0.0515625 0.0984375 0.103125
68 0.9234375 0.38671875 0.153125 0.3421875
68 0.76328125 0.29296875 0.090625 0.1734375
68 0.77578125 0.47265625 0.08125 0.1578125
92 0.65546875 0.40078125 0.13125 0.2078125
88 0.60859375 0.06875 0.1640625 0.1375
68 0.6484375 0.52890625 0.1875 0.0609375
68 0.41875 0.11015625 0.1375 0.1546875
68 0.44921875 0.2453125 0.109375 0.121875
64 0.45 0.42734375 0.16875 0.2640625
18 0.31484375 0.7765625 0.0703125 0.196875
18 0.30078125 0.896875 0.0984375 0.1625
18 0.25078125 0.91640625 0.1984375 0.1671875
18 0.05703125 0.85625 0.1140625 0.165625
68 0.053125 0.96171875 0.10625 0.0765625
57 0.62421875 0.8859375 0.4890625 0.228125
18 0.64765625 0.73359375 0.396875 0.1546875
18 0.59375 0.60859375 0.471875 0.0984375
22 0.93984375 0.76875 0.1203125 0.41875