36 0.34296875 0.58671875 0.1140625 0.11875
88 0.72890625 0.5859375 0.14375 0.084375
58 0.4671875 0.59375 0.134375 0.09375
21 0.69296875 0.821875 0.1515625 0.090625
14 0.3890625 0.8890625 0.190625 0.096875
23 0.77109375 0.89609375 0.2 0.1109375
81 0.55546875 0.903125 0.2671875 0.146875
84 0.5875 0.1828125 0.1203125 0.1234375
26 0.7453125 0.2015625 0.2109375 0.0796875
25 0.38046875 0.209375 0.1515625 0.0625
45 0.35 0.4234375 0.05625 0.1
85 0.540625 0.44921875 0.2140625 0.0796875
42 0.7578125 0.459375 0.2234375 0.0625
79 0.3390625 0.46875 0.115625 0.0359375