61 0.5078125 0.58828125 0.1484375 0.1
58 0.36640625 0.60859375 0.128125 0.103125
13 0.653125 0.61328125 0.18125 0.078125
53 0.7296875 0.86328125 0.0546875 0.0390625
53 0.82109375 0.8734375 0.0890625 0.08125
10 0.62578125 0.884375 0.1078125 0.10625
81 0.4390625 0.89609375 0.275 0.1609375
10 0.76328125 0.90234375 0.0875 0.0734375
23 0.65 0.21796875 0.1640625 0.0515625
17 0.34609375 0.23046875 0.1265625 0.046875
79 0.5109375 0.2296875 0.13125 0.0375
88 0.4109375 0.45234375 0.290625 0.090625
42 0.5875 0.44765625 0.128125 0.0421875
25 0.68515625 0.45 0.103125 0.05625