79 0.34140625 0.46640625 0.13125 0.0453125
84 0.73984375 0.5703125 0.1125 0.134375
58 0.453125 0.5859375 0.1375 0.08125
36 0.3328125 0.584375 0.134375 0.1140625
88 0.60546875 0.61171875 0.1703125 0.096875
21 0.68125 0.83359375 0.153125 0.1046875
14 0.38203125 0.88671875 0.2078125 0.1015625
81 0.53671875 0.8921875 0.28125 0.1484375
23 0.753125 0.903125 0.2140625 0.11875
84 0.59609375 0.18515625 0.1171875 0.121875
83 0.37734375 0.203125 0.178125 0.084375
26 0.75703125 0.2109375 0.2125 0.096875
30 0.3984375 0.44765625 0.075 0.0625
85 0.51796875 0.45234375 0.225 0.0734375
70 0.73359375 0.45703125 0.1640625 0.0640625