61 0.5046875 0.58828125 0.14375 0.09375
58 0.3625 0.60390625 0.125 0.1
13 0.64921875 0.61875 0.178125 0.071875
53 0.7171875 0.87109375 0.053125 0.0375
53 0.8078125 0.884375 0.0875 0.078125
10 0.6125 0.88828125 0.103125 0.1
81 0.425 0.89375 0.2703125 0.153125
10 0.74921875 0.9109375 0.084375 0.071875
23 0.659375 0.2234375 0.1625 0.046875
17 0.35546875 0.225 0.125 0.04375
79 0.5203125 0.23046875 0.1296875 0.0328125
88 0.4125 0.44921875 0.2875 0.08125
42 0.5890625 0.45078125 0.128125 0.0375
25 0.68671875 0.45625 0.1 0.053125