61 0.49921875 0.5875 0.1484375 0.1046875
58 0.35234375 0.59921875 0.1578125 0.109375
13 0.64140625 0.62421875 0.1796875 0.0765625
53 0.69609375 0.8828125 0.0625 0.0421875
53 0.7828125 0.89765625 0.0890625 0.0828125
10 0.5875 0.896875 0.109375 0.1078125
81 0.40625 0.89296875 0.2828125 0.1640625
10 0.7234375 0.921875 0.0984375 0.0734375
26 0.7796875 0.21640625 0.2265625 0.0921875
17 0.36875 0.21875 0.1296875 0.0421875
79 0.52734375 0.23125 0.1453125 0.046875
83 0.3765625 0.4265625 0.134375 0.0734375
42 0.5734375 0.45859375 0.1921875 0.0546875
25 0.68671875 0.46640625 0.1125 0.0625
23 0.3484375 0.4578125 0.1796875 0.084375