44 0.73671875 0.4609375 0.2015625 0.046875
25 0.54296875 0.5953125 0.14375 0.0703125
26 0.75859375 0.59296875 0.203125 0.1
57 0.3890625 0.81484375 0.10625 0.153125
57 0.49765625 0.82578125 0.1125 0.1671875
17 0.41796875 0.90625 0.121875 0.0703125
81 0.71015625 0.9140625 0.3890625 0.1609375
41 0.78828125 0.1921875 0.2140625 0.0921875
53 0.38203125 0.23203125 0.1609375 0.0484375
84 0.4390625 0.4125 0.1078125 0.14375
58 0.34765625 0.45390625 0.1421875 0.096875
83 0.52578125 0.45234375 0.15 0.0921875