36 0.41015625 0.5578125 0.159375 0.109375
26 0.753125 0.60390625 0.196875 0.0921875
58 0.3671875 0.6046875 0.165625 0.09375
23 0.54921875 0.61015625 0.225 0.078125
13 0.78046875 0.87734375 0.1625 0.121875
44 0.40703125 0.90546875 0.184375 0.084375
30 0.63125 0.91640625 0.0796875 0.075
83 0.359375 0.20078125 0.14375 0.078125
25 0.590625 0.2125 0.1015625 0.053125
79 0.78125 0.23046875 0.11875 0.0328125
36 0.3859375 0.4359375 0.153125 0.1109375
45 0.76796875 0.4359375 0.084375 0.11875
38 0.6703125 0.4375 0.1 0.0296875
88 0.55234375 0.44375 0.15625 0.08125
53 0.734375 0.45625 0.209375 0.046875