13 0.775 0.45703125 0.1 0.0421875
13 0.80859375 0.43828125 0.1046875 0.0265625
25 0.646875 0.4484375 0.09375 0.053125
57 0.571875 0.81328125 0.0890625 0.153125
57 0.671875 0.8046875 0.0890625 0.15625
61 0.75859375 0.86328125 0.0671875 0.046875
61 0.79140625 0.83671875 0.0609375 0.0328125
61 0.821875 0.875 0.065625 0.040625
61 0.771875 0.91015625 0.0625 0.053125
32 0.7859375 0.221875 0.05 0.0375
32 0.8390625 0.221875 0.04375 0.0375
32 0.74140625 0.225 0.0453125 0.03125
19 0.40859375 0.228125 0.1328125 0.040625