81 0.453125 0.55703125 0.2625 0.121875
30 0.74140625 0.6109375 0.0828125 0.071875
19 0.59765625 0.609375 0.1453125 0.071875
23 0.36171875 0.61171875 0.13125 0.0640625
83 0.628125 0.8890625 0.1484375 0.090625
85 0.76953125 0.89765625 0.1765625 0.1375
10 0.3796875 0.8796875 0.1875 0.1046875
57 0.665625 0.178125 0.1125 0.1625
21 0.82109375 0.215625 0.1984375 0.1
26 0.425 0.196875 0.20625 0.0953125
84 0.3984375 0.4015625 0.121875 0.128125
25 0.75390625 0.4609375 0.1296875 0.065625
42 0.5640625 0.4609375 0.25 0.071875