10 0.40078125 0.596875 0.1796875 0.075
19 0.54140625 0.61171875 0.18125 0.078125
27 0.7609375 0.61015625 0.1984375 0.078125
41 0.7203125 0.8515625 0.153125 0.128125
25 0.4125 0.87578125 0.134375 0.0671875
83 0.60546875 0.87265625 0.125 0.0828125
84 0.77109375 0.165625 0.1203125 0.14375
88 0.4921875 0.21171875 0.21875 0.071875
32 0.34375 0.221875 0.11875 0.05
81 0.3921875 0.41796875 0.1953125 0.15
45 0.52734375 0.415625 0.0734375 0.1
61 0.75546875 0.4234375 0.1890625 0.109375
85 0.58828125 0.44375 0.2359375 0.08125