17 0.709375 0.45703125 0.125 0.0484375
36 0.41796875 0.56875 0.159375 0.1265625
26 0.76171875 0.58984375 0.20625 0.10625
23 0.5625 0.609375 0.23125 0.0890625
13 0.809375 0.86015625 0.18125 0.11875
44 0.42421875 0.9109375 0.1859375 0.084375
30 0.65546875 0.9109375 0.1015625 0.0921875
70 0.39453125 0.2140625 0.16875 0.0625
25 0.57109375 0.20859375 0.084375 0.05625
38 0.7015625 0.2109375 0.11875 0.065625
53 0.78828125 0.21171875 0.1390625 0.0515625
81 0.4015625 0.41328125 0.2625 0.184375
88 0.56640625 0.440625 0.1453125 0.0875