23 0.61796875 0.46640625 0.1140625 0.0421875
36 0.4390625 0.5609375 0.128125 0.1171875
21 0.59140625 0.56328125 0.175 0.078125
30 0.775 0.57734375 0.08125 0.065625
26 0.65859375 0.59453125 0.275 0.1109375
58 0.41875 0.6140625 0.2125 0.096875
57 0.7796875 0.8171875 0.103125 0.171875
70 0.41640625 0.85703125 0.1609375 0.09375
57 0.828125 0.840625 0.115625 0.1875
84 0.68828125 0.85546875 0.1359375 0.1390625
42 0.54921875 0.91328125 0.2046875 0.1296875
53 0.3828125 0.9328125 0.146875 0.090625
13 0.796875 0.91328125 0.209375 0.1171875
81 0.31875 0.16875 0.18125 0.19375
84 0.76484375 0.16171875 0.10625 0.1234375
61 0.653125 0.171875 0.1140625 0.05625
45 0.81171875 0.16796875 0.071875 0.11875
85 0.6484375 0.20234375 0.2625 0.0921875
88 0.46328125 0.2171875 0.1453125 0.059375
41 0.7734375 0.40390625 0.171875 0.153125
83 0.56640625 0.43203125 0.125 0.0765625
10 0.40078125 0.45234375 0.184375 0.0734375
23 0.74453125 0.44609375 0.14375 0.075
38 0.33203125 0.46953125 0.109375 0.065625
17 0.4625 0.46640625 0.140625 0.053125