83 0.62890625 0.58671875 0.11875 0.0703125
58 0.77109375 0.6 0.15625 0.09375
27 0.44765625 0.61015625 0.2609375 0.065625
21 0.371875 0.859375 0.16875 0.11875
41 0.7140625 0.8796875 0.25 0.1109375
19 0.54921875 0.88671875 0.1328125 0.0859375
28 0.51640625 0.946875 0.2375 0.05625
81 0.81015625 0.17265625 0.175 0.1640625
32 0.675 0.22578125 0.1125 0.0515625
42 0.4421875 0.21796875 0.284375 0.053125
84 0.40703125 0.41171875 0.1375 0.1421875
45 0.534375 0.421875 0.0703125 0.1078125
61 0.75625 0.43828125 0.1875 0.1046875
85 0.59296875 0.45078125 0.2265625 0.0828125