79 0.7046875 0.47890625 0.1203125 0.0390625
61 0.36328125 0.57890625 0.153125 0.109375
81 0.53203125 0.60546875 0.309375 0.1078125
38 0.73828125 0.621875 0.10625 0.0625
58 0.55703125 0.8546875 0.1890625 0.0859375
36 0.56953125 0.87578125 0.1515625 0.1578125
30 0.696875 0.9046875 0.078125 0.075
41 0.35234375 0.9171875 0.2125 0.128125
84 0.38359375 0.1734375 0.1140625 0.1328125
83 0.7734375 0.221875 0.14375 0.075
13 0.59375 0.2171875 0.196875 0.0609375
88 0.56328125 0.44453125 0.165625 0.08125
42 0.4015625 0.46171875 0.196875 0.0671875