36 0.5421875 0.5703125 0.1375 0.1421875
17 0.6875 0.58671875 0.153125 0.0625
21 0.3765625 0.603125 0.1796875 0.10625
10 0.79140625 0.84375 0.09375 0.0765625
61 0.66796875 0.8546875 0.1484375 0.1296875
13 0.5328125 0.8796875 0.203125 0.115625
53 0.38203125 0.88515625 0.15625 0.084375
81 0.71796875 0.196875 0.2609375 0.09375
88 0.38203125 0.21015625 0.2140625 0.09375
41 0.53515625 0.21640625 0.165625 0.0625
70 0.70625 0.440625 0.134375 0.0703125
25 0.62578125 0.4515625 0.1703125 0.078125
42 0.39609375 0.46796875 0.1921875 0.0609375