13 0.571875 0.66484375 0.078125 0.0609375
13 0.603125 0.68515625 0.04375 0.0671875
25 0.5859375 0.58828125 0.090625 0.0578125
57 0.0640625 0.54296875 0.128125 0.053125
57 0.0640625 0.603125 0.128125 0.053125
61 0.01640625 0.65234375 0.0328125 0.0390625
61 0.0140625 0.675 0.028125 0.0375
61 0.01640625 0.6921875 0.0328125 0.040625
61 0.021875 0.6609375 0.04375 0.0375
32 0.9640625 0.671875 0.05625 0.034375
32 0.9640625 0.703125 0.0609375 0.0265625
32 0.95859375 0.6453125 0.05 0.028125
19 0.953125 0.4453125 0.065625 0.0796875