13 0.43359375 0.5875 0.1546875 0.1125
26 0.74921875 0.61796875 0.209375 0.10625
88 0.5546875 0.6078125 0.1484375 0.096875
30 0.33828125 0.60859375 0.0875 0.075
61 0.734375 0.878125 0.1515625 0.125
70 0.42265625 0.8625 0.2375 0.075
83 0.35078125 0.915625 0.16875 0.115625
44 0.56796875 0.95 0.2234375 0.096875
25 0.59140625 0.21796875 0.0859375 0.0578125
38 0.72578125 0.23046875 0.11875 0.0578125
53 0.809375 0.23828125 0.13125 0.0484375
45 0.74921875 0.42265625 0.0578125 0.06875
84 0.55625 0.41796875 0.1125 0.1421875
41 0.771875 0.4640625 0.221875 0.1015625
21 0.41953125 0.446875 0.1921875 0.1015625
85 0.609375 0.46953125 0.0890625 0.0609375