61 0.37421875 0.590625 0.15 0.115625
30 0.54375 0.5984375 0.078125 0.0671875
41 0.7234375 0.58984375 0.2515625 0.1125
36 0.60234375 0.83984375 0.1609375 0.0875
10 0.76171875 0.85 0.1796875 0.103125
70 0.4203125 0.88125 0.159375 0.1140625
13 0.56953125 0.9078125 0.2234375 0.09375
57 0.71484375 0.1578125 0.096875 0.159375
23 0.37578125 0.228125 0.2140625 0.0625
17 0.56171875 0.21875 0.1375 0.046875
83 0.36015625 0.459375 0.1421875 0.084375
88 0.565625 0.45 0.215625 0.084375
53 0.746875 0.45 0.1890625 0.0625