61 0.7125 0.56796875 0.1625 0.0890625
14 0.3765625 0.60625 0.15625 0.0484375
79 0.58203125 0.6265625 0.16875 0.0625
88 0.4125 0.88515625 0.1609375 0.1
26 0.75390625 0.87578125 0.2 0.1203125
25 0.58046875 0.8828125 0.1078125 0.0890625
21 0.721875 0.18984375 0.1515625 0.0796875
81 0.5921875 0.20078125 0.296875 0.0921875
30 0.8015625 0.2 0.0890625 0.065625
17 0.35546875 0.2265625 0.1640625 0.0484375
83 0.49765625 0.43828125 0.1453125 0.08125
58 0.3515625 0.45078125 0.1234375 0.090625
41 0.72890625 0.45546875 0.2859375 0.0734375