84 0.7421875 0.565625 0.109375 0.134375
36 0.3359375 0.584375 0.115625 0.1265625
61 0.45703125 0.60078125 0.146875 0.10625
30 0.7515625 0.61796875 0.0796875 0.065625
21 0.6875 0.83125 0.1515625 0.1
45 0.33828125 0.84375 0.05625 0.1
13 0.5578125 0.87734375 0.178125 0.0953125
53 0.725 0.91171875 0.190625 0.06875
44 0.3859375 0.93828125 0.23125 0.09375
57 0.52109375 0.1609375 0.109375 0.175
84 0.37578125 0.18046875 0.125 0.1265625
17 0.7359375 0.2234375 0.15 0.040625
85 0.50859375 0.45078125 0.2140625 0.08125
70 0.73125 0.45625 0.1703125 0.078125
38 0.3546875 0.45859375 0.0921875 0.0546875