26 0.4328125 0.58828125 0.19375 0.084375
27 0.78359375 0.61640625 0.1671875 0.0546875
19 0.62734375 0.61640625 0.1546875 0.06875
41 0.6359375 0.83984375 0.1875 0.1140625
36 0.48203125 0.83671875 0.10625 0.128125
88 0.76796875 0.9234375 0.1546875 0.078125
70 0.803125 0.228125 0.15625 0.0609375
32 0.45234375 0.2203125 0.15 0.053125
79 0.67578125 0.2328125 0.1515625 0.0390625
57 0.73984375 0.40546875 0.1078125 0.153125
61 0.7953125 0.4484375 0.1578125 0.1
42 0.4515625 0.45390625 0.1984375 0.05625
53 0.65 0.4640625 0.13125 0.053125