79 0.7046875 0.47578125 0.11875 0.0375
61 0.36484375 0.58125 0.1515625 0.1078125
81 0.534375 0.6046875 0.3078125 0.103125
38 0.73984375 0.6171875 0.10625 0.0609375
58 0.56328125 0.853125 0.1875 0.0828125
36 0.5765625 0.875 0.15 0.1546875
30 0.70390625 0.9015625 0.0765625 0.0734375
41 0.36015625 0.91953125 0.209375 0.1234375
84 0.37734375 0.175 0.1109375 0.13125
83 0.76796875 0.2171875 0.1421875 0.0734375
13 0.58828125 0.215625 0.1953125 0.0578125
88 0.56171875 0.44296875 0.1640625 0.078125
42 0.40078125 0.46328125 0.196875 0.0640625