36 0.409375 0.55625 0.1609375 0.1109375
26 0.7515625 0.60859375 0.1984375 0.0953125
58 0.365625 0.60234375 0.1671875 0.0953125
23 0.54765625 0.6109375 0.225 0.08125
13 0.77421875 0.88203125 0.165625 0.125
44 0.4 0.90390625 0.1859375 0.0890625
30 0.62421875 0.91875 0.08125 0.0765625
83 0.36484375 0.1984375 0.14375 0.08125
25 0.5953125 0.2140625 0.103125 0.05625
79 0.7859375 0.23515625 0.11875 0.034375
36 0.38671875 0.43359375 0.1546875 0.1140625
45 0.76875 0.440625 0.0859375 0.11875
38 0.67109375 0.440625 0.1015625 0.03125
88 0.553125 0.44453125 0.1578125 0.0828125
53 0.73515625 0.46015625 0.2109375 0.05