58 0.44609375 0.5921875 0.2359375 0.1015625
88 0.7390625 0.59375 0.1703125 0.084375
79 0.59296875 0.6234375 0.128125 0.0515625
45 0.70859375 0.86640625 0.078125 0.1171875
17 0.54765625 0.87421875 0.1375 0.06875
61 0.378125 0.88359375 0.1234375 0.1140625
36 0.534375 0.1734375 0.1546875 0.15
10 0.7609375 0.20390625 0.171875 0.06875
38 0.39609375 0.21640625 0.1015625 0.0640625
30 0.65390625 0.2125 0.084375 0.0703125
83 0.61953125 0.43515625 0.1640625 0.084375
13 0.4359375 0.453125 0.215625 0.0953125