28 0.3953125 0.4765625 0.121875 0.0375
70 0.49375 0.58203125 0.15625 0.08125
85 0.76640625 0.58515625 0.18125 0.1
58 0.5921875 0.5984375 0.159375 0.0828125
25 0.425 0.6078125 0.1265625 0.0671875
83 0.546875 0.84921875 0.15 0.096875
41 0.73203125 0.86328125 0.259375 0.1125
19 0.409375 0.87734375 0.1375 0.0921875
36 0.7859375 0.1828125 0.109375 0.115625
79 0.6703125 0.22265625 0.140625 0.0328125
45 0.74453125 0.4125 0.0609375 0.10625
30 0.575 0.44375 0.078125 0.0703125
81 0.70078125 0.44609375 0.284375 0.078125