13 0.4234375 0.58671875 0.1671875 0.1
26 0.75390625 0.609375 0.2046875 0.09375
88 0.5578125 0.60546875 0.1609375 0.0875
61 0.73984375 0.8640625 0.1484375 0.115625
70 0.4796875 0.87109375 0.1421875 0.075
21 0.3625 0.8984375 0.1671875 0.115625
81 0.37734375 0.18359375 0.25625 0.125
38 0.703125 0.21953125 0.0984375 0.059375
53 0.79609375 0.228125 0.1328125 0.04375
79 0.5703125 0.23046875 0.128125 0.040625
84 0.55625 0.41796875 0.1203125 0.134375
45 0.35625 0.42265625 0.0640625 0.1046875
10 0.7140625 0.45546875 0.1765625 0.071875
25 0.3953125 0.45390625 0.121875 0.059375