26 0.54296875 0.58515625 0.2515625 0.0875
27 0.7859375 0.6109375 0.1671875 0.0515625
41 0.64140625 0.8375 0.1859375 0.1125
36 0.49765625 0.8640625 0.13125 0.128125
19 0.384375 0.88203125 0.14375 0.0890625
58 0.696875 0.896875 0.1515625 0.08125
70 0.54140625 0.2125 0.19375 0.0625
33 0.384375 0.21328125 0.115625 0.0484375
79 0.79609375 0.2328125 0.175 0.0359375
57 0.73828125 0.40078125 0.10625 0.1515625
88 0.4140625 0.4515625 0.1546875 0.06875
25 0.81328125 0.4609375 0.1375 0.059375
42 0.59765625 0.4625 0.196875 0.053125