17 0.3578125 0.465625 0.1234375 0.0515625
44 0.7515625 0.4734375 0.25625 0.05
58 0.359375 0.59609375 0.146875 0.096875
25 0.5359375 0.6 0.140625 0.059375
26 0.7484375 0.60859375 0.1984375 0.0921875
10 0.57265625 0.85703125 0.0828125 0.0625
10 0.7109375 0.87265625 0.125 0.0890625
53 0.33671875 0.875 0.0765625 0.040625
53 0.5015625 0.8828125 0.1359375 0.0828125
84 0.78046875 0.184375 0.1203125 0.128125
83 0.446875 0.20703125 0.1515625 0.078125
88 0.62421875 0.215625 0.165625 0.0734375
41 0.4703125 0.44453125 0.3109375 0.071875