41 0.646875 0.546875 0.25625 0.09375
58 0.3171875 0.59296875 0.153125 0.0890625
44 0.46875 0.6 0.178125 0.0984375
81 0.63515625 0.59453125 0.25 0.09375
17 0.4625 0.8734375 0.1375 0.071875
61 0.29921875 0.8796875 0.11875 0.103125
42 0.684375 0.8703125 0.2 0.1125
45 0.4265625 0.19375 0.059375 0.10625
83 0.28359375 0.20859375 0.1609375 0.0859375
88 0.53515625 0.21015625 0.16875 0.0796875
13 0.6671875 0.20703125 0.153125 0.059375
26 0.3234375 0.42265625 0.2125 0.090625
21 0.68828125 0.4421875 0.20625 0.0984375
79 0.4859375 0.4609375 0.128125 0.0375