61 0.36953125 0.58359375 0.1453125 0.1078125
30 0.53828125 0.60078125 0.075 0.0640625
41 0.71875 0.6015625 0.246875 0.1
36 0.584375 0.84453125 0.15625 0.078125
10 0.74296875 0.86328125 0.175 0.09375
70 0.40078125 0.8765625 0.153125 0.10625
13 0.5484375 0.9109375 0.21875 0.0828125
57 0.7328125 0.16953125 0.0875 0.1546875
23 0.38984375 0.221875 0.2109375 0.0515625
17 0.5765625 0.22265625 0.134375 0.040625
83 0.3625 0.45234375 0.1390625 0.0765625
88 0.56796875 0.453125 0.2125 0.0734375
53 0.74921875 0.46328125 0.1859375 0.053125