23 0.62265625 0.4703125 0.1125 0.040625
21 0.63046875 0.5515625 0.153125 0.05625
83 0.409375 0.575 0.15 0.0703125
30 0.77421875 0.57890625 0.071875 0.05625
58 0.64609375 0.59296875 0.20625 0.0984375
79 0.421875 0.62890625 0.16875 0.0484375
38 0.8234375 0.61484375 0.128125 0.0625
57 0.69609375 0.8125 0.103125 0.1625
17 0.54296875 0.8296875 0.1046875 0.053125
84 0.790625 0.821875 0.10625 0.1140625
70 0.4140625 0.853125 0.146875 0.0953125
13 0.5890625 0.88203125 0.190625 0.09375
26 0.78203125 0.90859375 0.2171875 0.121875
53 0.3765625 0.9328125 0.15625 0.0859375
44 0.57109375 0.95 0.1953125 0.075
81 0.32890625 0.16640625 0.18125 0.1828125
61 0.65703125 0.1734375 0.11875 0.0546875
84 0.771875 0.17265625 0.1 0.13125
45 0.821875 0.17734375 0.075 0.11875
85 0.65078125 0.20234375 0.2828125 0.0875
88 0.471875 0.2140625 0.159375 0.059375
36 0.509375 0.4125 0.14375 0.134375
41 0.77265625 0.40859375 0.1828125 0.1609375
36 0.6359375 0.41640625 0.146875 0.09375
10 0.396875 0.446875 0.18125 0.05625
25 0.41875 0.45546875 0.134375 0.059375
23 0.74140625 0.4515625 0.125 0.0734375