36 0.4765625 0.5609375 0.1171875 0.1171875
70 0.57421875 0.59921875 0.1921875 0.096875
13 0.36171875 0.6015625 0.1671875 0.090625
83 0.49140625 0.86328125 0.171875 0.103125
53 0.33828125 0.875 0.1265625 0.084375
14 0.73984375 0.89375 0.20625 0.1015625
84 0.3921875 0.171875 0.103125 0.134375
36 0.79765625 0.20234375 0.1328125 0.1125
88 0.54609375 0.2171875 0.165625 0.06875
57 0.59765625 0.40234375 0.115625 0.1546875
81 0.4171875 0.44609375 0.2671875 0.090625
41 0.68125 0.46953125 0.259375 0.0734375