79 0.334375 0.46875 0.125 0.0390625
84 0.73984375 0.5671875 0.10625 0.13125
36 0.33671875 0.58125 0.109375 0.11875
58 0.459375 0.58671875 0.128125 0.084375
88 0.6109375 0.61015625 0.15625 0.084375
21 0.68671875 0.8296875 0.153125 0.103125
13 0.5546875 0.875 0.1875 0.1
14 0.37734375 0.8875 0.184375 0.0953125
23 0.759375 0.90390625 0.19375 0.1046875
57 0.51875 0.159375 0.10625 0.178125
84 0.375 0.18125 0.121875 0.125
61 0.67578125 0.19296875 0.184375 0.103125
30 0.39609375 0.44921875 0.071875 0.0609375
85 0.5125 0.45234375 0.20625 0.071875
70 0.728125 0.453125 0.171875 0.071875