84 0.74375 0.56171875 0.11875 0.134375
36 0.340625 0.5890625 0.1265625 0.109375
61 0.46171875 0.60234375 0.1546875 0.103125
88 0.61484375 0.60625 0.15 0.0890625
30 0.75625 0.61328125 0.08125 0.0671875
21 0.69375 0.8265625 0.15625 0.103125
13 0.5671875 0.878125 0.178125 0.1
14 0.38828125 0.88984375 0.1859375 0.0984375
23 0.76953125 0.89609375 0.2171875 0.1125
57 0.521875 0.15859375 0.10625 0.18125
84 0.371875 0.18203125 0.128125 0.1265625
17 0.7359375 0.21953125 0.153125 0.04375
85 0.51640625 0.45 0.2109375 0.0765625
70 0.73515625 0.44921875 0.165625 0.0734375
38 0.35546875 0.46171875 0.09375 0.05625