17 0.6171875 0.471875 0.153125 0.0453125
36 0.4109375 0.56171875 0.1703125 0.1125
26 0.76171875 0.6 0.1984375 0.0953125
58 0.37578125 0.6109375 0.1765625 0.103125
23 0.55546875 0.61328125 0.225 0.075
13 0.790625 0.87578125 0.16875 0.125
44 0.41953125 0.91015625 0.1828125 0.0921875
30 0.640625 0.9140625 0.0890625 0.08125
83 0.35546875 0.20390625 0.1359375 0.0890625
25 0.5875 0.2109375 0.1015625 0.053125
79 0.775 0.22578125 0.1265625 0.025
38 0.67109375 0.4375 0.1046875 0.034375
88 0.55546875 0.4421875 0.15 0.078125
53 0.73046875 0.453125 0.203125 0.05625
14 0.384375 0.46484375 0.19375 0.0578125