23 0.6203125 0.475 0.109375 0.0390625
36 0.446875 0.55078125 0.1515625 0.115625
21 0.5921875 0.57578125 0.178125 0.0953125
30 0.7671875 0.5875 0.0828125 0.0625
26 0.43984375 0.60703125 0.2765625 0.0984375
17 0.69296875 0.61171875 0.14375 0.05
57 0.765625 0.821875 0.1078125 0.15
84 0.65859375 0.8453125 0.125 0.15
57 0.815625 0.8484375 0.1 0.171875
85 0.36328125 0.89609375 0.178125 0.1296875
70 0.5296875 0.91875 0.1625 0.1140625
13 0.7671875 0.91484375 0.1796875 0.121875
81 0.34453125 0.15859375 0.19375 0.1921875
84 0.52890625 0.17890625 0.128125 0.140625
61 0.66796875 0.19453125 0.1234375 0.090625
38 0.796875 0.2125 0.10625 0.046875
41 0.78359375 0.41796875 0.1671875 0.140625
83 0.56484375 0.43359375 0.1203125 0.08125
45 0.33828125 0.43984375 0.065625 0.1203125
88 0.440625 0.4515625 0.153125 0.078125
23 0.74140625 0.45859375 0.134375 0.0703125