17 0.7125 0.475 0.1234375 0.046875
36 0.4125 0.5609375 0.1578125 0.1234375
26 0.753125 0.61171875 0.2046875 0.1015625
23 0.553125 0.6140625 0.228125 0.0859375
13 0.7765625 0.8859375 0.1796875 0.115625
44 0.3890625 0.90234375 0.184375 0.08125
30 0.61875 0.9234375 0.1 0.090625
70 0.41953125 0.20546875 0.1671875 0.059375
25 0.59609375 0.215625 0.0828125 0.0546875
38 0.72578125 0.2296875 0.1171875 0.0625
53 0.8125 0.23828125 0.1375 0.05
81 0.409375 0.40546875 0.259375 0.1796875
88 0.57109375 0.446875 0.14375 0.084375