26 0.72421875 0.59921875 0.215625 0.1046875
70 0.54375 0.6015625 0.1546875 0.0828125
25 0.365625 0.59375 0.11875 0.0765625
36 0.57109375 0.84609375 0.1734375 0.084375
10 0.71640625 0.87734375 0.1734375 0.0984375
13 0.52421875 0.91171875 0.221875 0.0921875
57 0.7515625 0.18203125 0.10625 0.1625
84 0.36640625 0.16796875 0.109375 0.1328125
23 0.51640625 0.2234375 0.225 0.065625
85 0.68828125 0.46015625 0.0875 0.0703125
88 0.56796875 0.4578125 0.21875 0.08125
83 0.3640625 0.44921875 0.146875 0.0890625