26 0.4328125 0.58828125 0.19375 0.084375
88 0.76796875 0.60390625 0.140625 0.06875
19 0.62734375 0.61640625 0.1546875 0.06875
84 0.8 0.83828125 0.0984375 0.1390625
36 0.37265625 0.834375 0.10625 0.128125
41 0.5703125 0.87109375 0.2140625 0.1046875
53 0.6984375 0.91171875 0.065625 0.0609375
53 0.81875 0.9328125 0.0640625 0.0484375
70 0.803125 0.228125 0.15625 0.0609375
79 0.67578125 0.2328125 0.1515625 0.0390625
57 0.746875 0.40546875 0.1078125 0.153125
61 0.809375 0.446875 0.1578125 0.1
21 0.65625 0.44375 0.1609375 0.0921875
42 0.4515625 0.45390625 0.1984375 0.05625