79 0.3734375 0.47109375 0.1421875 0.0390625
61 0.3671875 0.58359375 0.15 0.109375
38 0.7421875 0.6140625 0.109375 0.0625
42 0.55 0.61796875 0.190625 0.06875
58 0.5765625 0.859375 0.2 0.0875
36 0.58046875 0.878125 0.1625 0.15625
30 0.71015625 0.896875 0.075 0.071875
41 0.36875 0.9203125 0.2046875 0.121875
84 0.3734375 0.17734375 0.10625 0.125
83 0.7640625 0.21015625 0.1359375 0.06875
13 0.58515625 0.21328125 0.1875 0.0546875
57 0.5734375 0.403125 0.096875 0.1625
17 0.76328125 0.46015625 0.1546875 0.05