36 0.40703125 0.56640625 0.1609375 0.128125
26 0.75859375 0.59609375 0.2078125 0.1015625
23 0.55625 0.61015625 0.221875 0.0828125
38 0.36171875 0.6171875 0.096875 0.065625
13 0.79921875 0.86796875 0.175 0.1359375
44 0.41875 0.909375 0.1875 0.0875
30 0.64765625 0.9109375 0.0859375 0.0734375
25 0.578125 0.209375 0.1 0.053125
17 0.746875 0.22109375 0.128125 0.0296875
45 0.6921875 0.409375 0.06875 0.08125
21 0.3984375 0.4296875 0.159375 0.05625
88 0.55859375 0.44375 0.1484375 0.071875
85 0.7125 0.45 0.2578125 0.08125
70 0.4328125 0.4671875 0.25625 0.065625