23 0.625 0.46796875 0.128125 0.040625
36 0.43515625 0.5421875 0.1421875 0.06875
21 0.5859375 0.5640625 0.15625 0.06875
30 0.7734375 0.5703125 0.078125 0.0390625
26 0.653125 0.6 0.25 0.0984375
58 0.4234375 0.61015625 0.23125 0.1
38 0.82734375 0.6125 0.115625 0.065625
57 0.76484375 0.8171875 0.1 0.1515625
70 0.41328125 0.853125 0.1375 0.090625
57 0.8171875 0.840625 0.1125 0.1765625
44 0.565625 0.8515625 0.1421875 0.0640625
84 0.68359375 0.859375 0.1140625 0.1390625
13 0.78984375 0.90859375 0.1984375 0.128125
42 0.53984375 0.921875 0.16875 0.1421875
53 0.3765625 0.93671875 0.153125 0.0953125
81 0.32890625 0.16328125 0.18125 0.184375
84 0.7640625 0.1671875 0.0984375 0.128125
61 0.6578125 0.17421875 0.1140625 0.05
45 0.81953125 0.175 0.0703125 0.1140625
85 0.6515625 0.2 0.2625 0.0796875
88 0.471875 0.21875 0.15 0.059375
41 0.78828125 0.4046875 0.1609375 0.153125
83 0.56796875 0.43359375 0.1359375 0.0765625
10 0.40390625 0.4453125 0.171875 0.065625
25 0.41875 0.45703125 0.140625 0.065625
23 0.7453125 0.4515625 0.125 0.0703125