14 0.77421875 0.4671875 0.2125 0.053125
61 0.3703125 0.58515625 0.15625 0.10625
81 0.53515625 0.60625 0.309375 0.096875
38 0.73984375 0.61484375 0.1 0.059375
58 0.5703125 0.85703125 0.175 0.096875
36 0.5796875 0.87578125 0.1328125 0.146875
30 0.7109375 0.896875 0.075 0.071875
41 0.371875 0.91875 0.1984375 0.125
84 0.37265625 0.17890625 0.109375 0.128125
83 0.76796875 0.20859375 0.14375 0.06875
13 0.58359375 0.215625 0.1875 0.05625
88 0.5625 0.44375 0.165625 0.075
42 0.40234375 0.46328125 0.19375 0.0609375