13 0.415625 0.58203125 0.1421875 0.10625
26 0.74765625 0.61640625 0.2078125 0.1015625
88 0.5546875 0.6078125 0.1625 0.09375
30 0.33828125 0.6109375 0.0921875 0.0703125
61 0.72734375 0.8734375 0.1375 0.11875
70 0.40546875 0.85703125 0.2359375 0.075
83 0.3484375 0.915625 0.1875 0.1140625
44 0.5640625 0.95 0.196875 0.096875
25 0.55703125 0.2125 0.0828125 0.059375
38 0.71171875 0.22265625 0.1078125 0.053125
53 0.803125 0.2375 0.134375 0.040625
79 0.38203125 0.22265625 0.1421875 0.0421875
45 0.75078125 0.428125 0.0703125 0.090625
84 0.5578125 0.421875 0.121875 0.1375
41 0.76953125 0.46015625 0.2171875 0.1015625
21 0.41875 0.4453125 0.1875 0.1046875
85 0.61015625 0.46953125 0.0796875 0.05625