83 0.38359375 0.57578125 0.1390625 0.0828125
26 0.7515625 0.60859375 0.190625 0.096875
23 0.54453125 0.615625 0.2296875 0.075
42 0.72421875 0.90625 0.190625 0.1078125
44 0.396875 0.9078125 0.1765625 0.0796875
25 0.590625 0.2125 0.0828125 0.05
70 0.3984375 0.2140625 0.171875 0.059375
38 0.72109375 0.22109375 0.103125 0.0578125
53 0.80703125 0.22734375 0.14375 0.046875
21 0.40390625 0.41640625 0.1640625 0.059375
45 0.7515625 0.43359375 0.059375 0.11875
88 0.56875 0.44609375 0.140625 0.078125
85 0.4109375 0.4578125 0.278125 0.08125