36 0.403125 0.55703125 0.153125 0.13125
83 0.3578125 0.59921875 0.146875 0.090625
26 0.75703125 0.60859375 0.1921875 0.09375
23 0.5515625 0.6109375 0.228125 0.071875
13 0.78359375 0.875 0.175 0.125
44 0.40546875 0.90546875 0.2046875 0.084375
30 0.63125 0.9140625 0.0828125 0.0734375
45 0.6546875 0.18828125 0.0734375 0.115625
21 0.3875 0.19921875 0.1953125 0.09375
25 0.58984375 0.2125 0.1078125 0.053125
17 0.75390625 0.22578125 0.13125 0.025
88 0.55546875 0.44453125 0.153125 0.071875
14 0.37421875 0.4609375 0.2 0.059375
85 0.7140625 0.4625 0.259375 0.071875