36 0.3578125 0.58046875 0.0796875 0.1078125
41 0.5453125 0.59765625 0.2328125 0.0875
28 0.7546875 0.61015625 0.115625 0.0515625
84 0.5609375 0.83046875 0.1046875 0.13125
88 0.7015625 0.8640625 0.1765625 0.078125
84 0.4125 0.865625 0.11875 0.1359375
83 0.65390625 0.2109375 0.128125 0.0671875
23 0.4296875 0.22109375 0.2421875 0.0390625
53 0.7953125 0.2234375 0.1265625 0.040625
10 0.75234375 0.45234375 0.1796875 0.0625
42 0.40546875 0.4578125 0.1796875 0.0671875
19 0.57890625 0.46015625 0.1359375 0.05625