28 0.57421875 0.4703125 0.165625 0.040625
25 0.434375 0.6078125 0.146875 0.0625
88 0.6828125 0.596875 0.15 0.0703125
84 0.821875 0.8125 0.103125 0.14375
36 0.38828125 0.853125 0.1 0.125
41 0.5453125 0.865625 0.2125 0.103125
23 0.72890625 0.865625 0.1296875 0.10625
70 0.77421875 0.2 0.146875 0.0609375
79 0.625 0.2203125 0.15625 0.040625
57 0.4578125 0.40078125 0.0875 0.1546875
21 0.7609375 0.42578125 0.1765625 0.096875
30 0.6390625 0.43828125 0.071875 0.0625
33 0.415625 0.45859375 0.1078125 0.0546875