83 0.55234375 0.57734375 0.1515625 0.0703125
70 0.52109375 0.609375 0.2125 0.08125
27 0.7296875 0.603125 0.221875 0.0578125
84 0.6140625 0.85546875 0.128125 0.1453125
41 0.77734375 0.84765625 0.225 0.1203125
79 0.46171875 0.8859375 0.134375 0.075
36 0.76953125 0.18125 0.1140625 0.103125
21 0.59296875 0.1953125 0.19375 0.0890625
32 0.44921875 0.21796875 0.1203125 0.053125
58 0.77265625 0.43515625 0.1609375 0.0765625
85 0.690625 0.43984375 0.140625 0.0859375
17 0.5328125 0.46328125 0.115625 0.0453125