83 0.3828125 0.578125 0.125 0.0875
26 0.7578125 0.5984375 0.196875 0.0984375
23 0.55 0.61171875 0.234375 0.084375
13 0.78984375 0.87265625 0.171875 0.134375
44 0.4078125 0.90625 0.1875 0.084375
30 0.6453125 0.915625 0.090625 0.08125
25 0.58125 0.21171875 0.0859375 0.053125
70 0.39765625 0.215625 0.1953125 0.0625
38 0.71015625 0.21640625 0.1125 0.0484375
53 0.8 0.2171875 0.125 0.040625
21 0.39765625 0.42109375 0.1796875 0.0609375
45 0.75 0.42734375 0.06875 0.1234375
88 0.56484375 0.44609375 0.13125 0.078125
85 0.40625 0.46171875 0.28125 0.0734375