26 0.76171875 0.5921875 0.209375 0.10625
14 0.46875 0.6078125 0.278125 0.065625
27 0.7390625 0.86796875 0.2359375 0.1046875
42 0.40859375 0.88203125 0.184375 0.1015625
28 0.53515625 0.88515625 0.1046875 0.0828125
45 0.36640625 0.19765625 0.0609375 0.096875
61 0.73515625 0.19375 0.1921875 0.0875
25 0.50390625 0.215625 0.0890625 0.0515625
32 0.76328125 0.2109375 0.1625 0.053125
81 0.37109375 0.4203125 0.178125 0.1421875
41 0.7734375 0.45234375 0.234375 0.0671875
19 0.553125 0.45703125 0.14375 0.0578125