28 0.64921875 0.46484375 0.1140625 0.0390625
83 0.5515625 0.578125 0.153125 0.06875
70 0.51953125 0.609375 0.2109375 0.078125
27 0.728125 0.60703125 0.221875 0.0546875
84 0.6078125 0.85703125 0.125 0.14375
41 0.77109375 0.85234375 0.2234375 0.1171875
79 0.4546875 0.88515625 0.1328125 0.071875
36 0.775 0.1859375 0.1125 0.1
21 0.5984375 0.196875 0.19375 0.0875
32 0.45390625 0.2171875 0.1203125 0.053125
57 0.371875 0.44453125 0.128125 0.0796875
58 0.77421875 0.43984375 0.159375 0.0734375
25 0.51875 0.45 0.084375 0.05