28 0.81171875 0.471875 0.128125 0.0328125
13 0.628125 0.5859375 0.103125 0.0875
32 0.4609375 0.5984375 0.0984375 0.059375
10 0.809375 0.60546875 0.171875 0.0890625
57 0.471875 0.8359375 0.1 0.1609375
70 0.79375 0.89375 0.14375 0.109375
41 0.61328125 0.90078125 0.221875 0.1046875
45 0.83671875 0.190625 0.0734375 0.10625
88 0.6890625 0.209375 0.15625 0.06875
83 0.4078125 0.21171875 0.146875 0.059375
19 0.5359375 0.21640625 0.1375 0.05
84 0.67890625 0.41328125 0.109375 0.1375
81 0.4640625 0.44609375 0.2625 0.071875