26 0.434375 0.58984375 0.19375 0.08125
27 0.7859375 0.6109375 0.1671875 0.0515625
19 0.62890625 0.6140625 0.153125 0.0671875
41 0.64140625 0.8375 0.1859375 0.1125
36 0.4875 0.8375 0.103125 0.1265625
88 0.77578125 0.91875 0.153125 0.075
70 0.7984375 0.2234375 0.153125 0.059375
33 0.44765625 0.22109375 0.15 0.05
79 0.67109375 0.2296875 0.1515625 0.0359375
57 0.73828125 0.40078125 0.10625 0.1515625
61 0.79375 0.44375 0.15625 0.096875
42 0.45078125 0.4546875 0.196875 0.053125
53 0.64921875 0.4609375 0.13125 0.05