58 0.734375 0.58125 0.1453125 0.0734375
79 0.38984375 0.60234375 0.1375 0.0578125
28 0.5796875 0.62421875 0.221875 0.0421875
57 0.67265625 0.81171875 0.0828125 0.159375
57 0.57265625 0.81328125 0.0890625 0.1578125
61 0.79765625 0.88359375 0.153125 0.1265625
41 0.4125 0.8890625 0.2 0.125
36 0.6171875 0.196875 0.1515625 0.0953125
32 0.78828125 0.221875 0.14375 0.05
19 0.4140625 0.22265625 0.121875 0.046875
25 0.6484375 0.44765625 0.1046875 0.0578125
13 0.78671875 0.45234375 0.178125 0.059375
27 0.44140625 0.4578125 0.1875 0.05625