14 0.371875 0.46640625 0.2109375 0.053125
26 0.75546875 0.60859375 0.2015625 0.103125
42 0.36953125 0.61328125 0.1984375 0.06875
44 0.56328125 0.62265625 0.2015625 0.053125
84 0.65625 0.859375 0.1109375 0.140625
81 0.75546875 0.88671875 0.190625 0.20625
83 0.47890625 0.8828125 0.140625 0.1046875
17 0.34765625 0.8984375 0.1171875 0.071875
41 0.6359375 0.21484375 0.228125 0.0640625
13 0.43359375 0.21484375 0.1640625 0.0640625
53 0.784375 0.22890625 0.1171875 0.040625
45 0.35390625 0.4109375 0.0640625 0.078125