23 0.74921875 0.4796875 0.265625 0.071875
13 0.42734375 0.5890625 0.165625 0.1140625
26 0.7484375 0.61640625 0.209375 0.103125
88 0.55625 0.61015625 0.1625 0.0984375
61 0.72734375 0.87421875 0.1484375 0.1015625
70 0.46796875 0.86875 0.153125 0.0828125
30 0.57109375 0.88359375 0.0859375 0.0609375
21 0.34375 0.89296875 0.16875 0.1328125
42 0.60625 0.94296875 0.25 0.0796875
81 0.38515625 0.18125 0.2640625 0.125
38 0.7046875 0.22734375 0.1109375 0.05625
53 0.809375 0.23828125 0.13125 0.04375
79 0.584375 0.23125 0.125 0.04375
84 0.559375 0.4171875 0.13125 0.1359375
45 0.36328125 0.4109375 0.0671875 0.0921875
25 0.39453125 0.44921875 0.125 0.065625