13 0.74296875 0.59140625 0.1625 0.090625
81 0.41015625 0.6046875 0.2984375 0.0953125
17 0.61484375 0.61875 0.1421875 0.065625
36 0.70625 0.83046875 0.1046875 0.134375
84 0.32421875 0.85078125 0.0921875 0.1375
42 0.471875 0.88984375 0.1703125 0.1046875
44 0.703125 0.92421875 0.2671875 0.0671875
21 0.7359375 0.20625 0.1890625 0.0703125
10 0.34296875 0.21640625 0.1875 0.0640625
41 0.5609375 0.22421875 0.25625 0.0546875
57 0.72421875 0.4046875 0.075 0.1578125
45 0.6578125 0.42421875 0.0671875 0.1
26 0.45703125 0.446875 0.259375 0.0796875
30 0.6328125 0.46328125 0.084375 0.0671875
53 0.75390625 0.4640625 0.171875 0.0546875