83 0.63203125 0.58203125 0.1171875 0.065625
58 0.77421875 0.590625 0.153125 0.0875
27 0.4515625 0.61171875 0.259375 0.05625
21 0.384375 0.86328125 0.1640625 0.1109375
41 0.72734375 0.871875 0.246875 0.103125
19 0.5625 0.88515625 0.1296875 0.08125
28 0.53203125 0.94609375 0.2359375 0.046875
81 0.7984375 0.16171875 0.1703125 0.1578125
33 0.665625 0.21953125 0.1109375 0.046875
42 0.43203125 0.2203125 0.2828125 0.04375
84 0.40390625 0.41484375 0.13125 0.1375
45 0.53203125 0.42109375 0.0671875 0.10625
61 0.75390625 0.4296875 0.1828125 0.096875
85 0.59140625 0.44765625 0.2234375 0.075