79 0.54140625 0.47109375 0.1515625 0.0375
61 0.37578125 0.59140625 0.1375 0.096875
26 0.75859375 0.6015625 0.1984375 0.09375
17 0.55078125 0.6234375 0.121875 0.0546875
23 0.3859375 0.88515625 0.178125 0.1234375
53 0.525 0.884375 0.159375 0.0828125
84 0.80078125 0.16953125 0.1234375 0.14375
83 0.64375 0.2 0.15 0.0875
13 0.390625 0.21875 0.2203125 0.065625
45 0.71171875 0.4328125 0.0671875 0.115625
21 0.39609375 0.440625 0.1765625 0.090625
38 0.7078125 0.45 0.1 0.0515625
30 0.7921875 0.4546875 0.084375 0.071875