36 0.590625 0.58359375 0.18125 0.1
88 0.7296875 0.58671875 0.140625 0.0828125
81 0.40625 0.60703125 0.265625 0.0875
14 0.38515625 0.8890625 0.184375 0.096875
79 0.54453125 0.8890625 0.1234375 0.0625
25 0.7546875 0.88671875 0.1125 0.075
84 0.33359375 0.17890625 0.11875 0.1375
84 0.58828125 0.1828125 0.1140625 0.125
21 0.73203125 0.20390625 0.16875 0.0734375
10 0.45703125 0.21953125 0.16875 0.0625
58 0.70390625 0.43046875 0.196875 0.0859375
26 0.36015625 0.4484375 0.1890625 0.090625
30 0.75234375 0.4578125 0.0796875 0.065625
23 0.53125 0.4640625 0.1828125 0.0625