25 0.52578125 0.5984375 0.14375 0.059375
32 0.7328125 0.59921875 0.128125 0.05625
57 0.37734375 0.6015625 0.096875 0.09375
81 0.43828125 0.803125 0.21875 0.1453125
79 0.7453125 0.85859375 0.128125 0.065625
14 0.5796875 0.8875 0.21875 0.10625
70 0.371875 0.8953125 0.13125 0.0859375
21 0.3890625 0.19921875 0.184375 0.090625
88 0.6234375 0.21015625 0.16875 0.06875
17 0.79609375 0.21953125 0.1578125 0.05
23 0.42109375 0.22890625 0.240625 0.028125
84 0.62578125 0.446875 0.2125 0.078125
53 0.775 0.4578125 0.18125 0.059375
42 0.43125 0.46328125 0.19375 0.0515625