41 0.73046875 0.47578125 0.309375 0.071875
61 0.70546875 0.58203125 0.1453125 0.0890625
14 0.371875 0.60546875 0.1375 0.053125
79 0.57265625 0.63046875 0.16875 0.0625
88 0.390625 0.88125 0.1578125 0.10625
26 0.7359375 0.89453125 0.203125 0.1234375
25 0.559375 0.8890625 0.103125 0.0859375
21 0.76953125 0.21484375 0.1765625 0.0734375
81 0.61796875 0.21015625 0.3109375 0.0796875
17 0.38203125 0.21875 0.146875 0.0515625
83 0.50859375 0.4421875 0.1578125 0.0859375
58 0.3625 0.44296875 0.1703125 0.0890625