61 0.509375 0.5890625 0.14375 0.1
21 0.73203125 0.584375 0.178125 0.0984375
58 0.36015625 0.61171875 0.1578125 0.096875
53 0.72890625 0.865625 0.0578125 0.0375
53 0.81796875 0.87265625 0.0859375 0.08125
10 0.6203125 0.88671875 0.1046875 0.1046875
81 0.44375 0.89921875 0.2796875 0.1578125
10 0.7609375 0.8984375 0.0953125 0.0734375
26 0.75625 0.19296875 0.2234375 0.084375
17 0.3453125 0.23125 0.134375 0.040625
79 0.50546875 0.23046875 0.13125 0.034375
83 0.37734375 0.43359375 0.11875 0.0625
25 0.51484375 0.45234375 0.1140625 0.0609375
38 0.684375 0.44765625 0.1046875 0.0609375
30 0.790625 0.44609375 0.0796875 0.0640625
23 0.35078125 0.4703125 0.1859375 0.0734375