45 0.46796875 0.56953125 0.059375 0.121875
26 0.7515625 0.59921875 0.20625 0.103125
17 0.375 0.6265625 0.1421875 0.0515625
81 0.79453125 0.84921875 0.1578125 0.225
41 0.5203125 0.875 0.1984375 0.1078125
44 0.4171875 0.90390625 0.2109375 0.0828125
83 0.365625 0.20546875 0.165625 0.0890625
25 0.5765625 0.2109375 0.08125 0.0484375
38 0.709375 0.21328125 0.09375 0.0546875
53 0.79296875 0.2171875 0.153125 0.0375
21 0.39921875 0.42421875 0.1796875 0.06875
88 0.56484375 0.44609375 0.1421875 0.0703125
70 0.74921875 0.4515625 0.1765625 0.06875
85 0.40625 0.46171875 0.2859375 0.0828125