84 0.76953125 0.565625 0.1125 0.1328125
58 0.415625 0.58359375 0.14375 0.0875
21 0.58984375 0.5859375 0.1625 0.0921875
57 0.66328125 0.80703125 0.0953125 0.140625
30 0.35703125 0.86953125 0.071875 0.06875
45 0.3765625 0.89140625 0.059375 0.109375
26 0.64765625 0.92265625 0.225 0.11875
25 0.7203125 0.21015625 0.090625 0.0515625
17 0.509375 0.2234375 0.14375 0.034375
36 0.3921875 0.42265625 0.165625 0.1375
83 0.5515625 0.446875 0.1359375 0.078125
85 0.79140625 0.4515625 0.115625 0.071875
85 0.68046875 0.4546875 0.075 0.05625