61 0.56171875 0.46953125 0.0890625 0.0546875
36 0.4078125 0.56171875 0.165625 0.134375
83 0.3578125 0.59765625 0.1484375 0.103125
26 0.76015625 0.61640625 0.1984375 0.0921875
23 0.5484375 0.61484375 0.221875 0.075
13 0.775 0.884375 0.18125 0.13125
44 0.39296875 0.90078125 0.1921875 0.0890625
30 0.61796875 0.9234375 0.0890625 0.0796875
45 0.6640625 0.18828125 0.075 0.1171875
21 0.3953125 0.19375 0.215625 0.0828125
25 0.60703125 0.21875 0.109375 0.05625
17 0.76953125 0.23671875 0.1390625 0.034375
88 0.55625 0.446875 0.146875 0.075
85 0.721875 0.46640625 0.24375 0.0828125
14 0.3796875 0.45859375 0.19375 0.0609375