23 0.62109375 0.4734375 0.1140625 0.034375
21 0.5859375 0.57734375 0.18125 0.090625
13 0.45703125 0.57890625 0.165625 0.08125
30 0.715625 0.60546875 0.078125 0.0640625
57 0.759375 0.828125 0.1 0.15625
57 0.80625 0.85 0.1 0.165625
70 0.61640625 0.88828125 0.20625 0.096875
85 0.36328125 0.890625 0.1703125 0.121875
81 0.340625 0.1578125 0.190625 0.1734375
25 0.5125 0.21484375 0.0890625 0.05
38 0.796875 0.21875 0.1125 0.0453125
79 0.6703125 0.23515625 0.140625 0.0234375
41 0.78671875 0.42109375 0.1578125 0.1375
45 0.3359375 0.43515625 0.0625 0.115625
83 0.5765625 0.44140625 0.1296875 0.08125
88 0.44140625 0.44765625 0.15 0.06875
23 0.740625 0.45703125 0.1375 0.065625