26 0.73125 0.58046875 0.2125 0.0953125
25 0.37734375 0.60625 0.11875 0.0703125
70 0.553125 0.6 0.1609375 0.090625
36 0.6078125 0.846875 0.1609375 0.09375
10 0.7453125 0.853125 0.171875 0.1125
84 0.41875 0.86640625 0.1171875 0.1453125
13 0.55859375 0.909375 0.2203125 0.090625
57 0.71875 0.1609375 0.0953125 0.159375
23 0.38046875 0.2234375 0.2140625 0.0546875
17 0.56484375 0.21953125 0.1375 0.0453125
83 0.3578125 0.4609375 0.1484375 0.0921875
88 0.56484375 0.45390625 0.2140625 0.078125
53 0.7453125 0.45546875 0.184375 0.0578125