84 0.74296875 0.5546875 0.1171875 0.140625
36 0.34375 0.5921875 0.13125 0.125
58 0.465625 0.58984375 0.15 0.103125
88 0.61484375 0.603125 0.1578125 0.0875
30 0.75625 0.6046875 0.0828125 0.0703125
21 0.70234375 0.8203125 0.1578125 0.109375
13 0.57890625 0.8734375 0.1796875 0.109375
14 0.3984375 0.89296875 0.190625 0.10625
23 0.77578125 0.88671875 0.2109375 0.1234375
57 0.50390625 0.1578125 0.1171875 0.184375
84 0.35859375 0.18671875 0.1265625 0.13125
61 0.659375 0.184375 0.184375 0.1109375
85 0.5140625 0.44765625 0.21875 0.0875
70 0.734375 0.44140625 0.1625 0.0796875
38 0.353125 0.465625 0.1 0.0578125