81 0.403125 0.60625 0.2765625 0.0859375
41 0.71328125 0.6125 0.2234375 0.0828125
84 0.7171875 0.82734375 0.1125 0.121875
84 0.34453125 0.84453125 0.1125 0.125
42 0.478125 0.8890625 0.1625 0.1
44 0.7171875 0.92109375 0.2859375 0.0640625
21 0.7390625 0.20703125 0.1734375 0.0734375
10 0.36015625 0.21640625 0.1625 0.0609375
30 0.78203125 0.2171875 0.0875 0.05625
23 0.58984375 0.2265625 0.1578125 0.0421875
26 0.36015625 0.446875 0.190625 0.09375
88 0.57734375 0.4546875 0.16875 0.075
17 0.6625 0.4578125 0.040625 0.0421875