17 0.61953125 0.48046875 0.153125 0.0515625
36 0.40703125 0.55546875 0.1734375 0.11875
26 0.7546875 0.61796875 0.2 0.1015625
58 0.36875 0.6015625 0.1796875 0.109375
23 0.546875 0.61640625 0.228125 0.0828125
13 0.7640625 0.89453125 0.1734375 0.13125
44 0.39140625 0.903125 0.1859375 0.1
30 0.61171875 0.92265625 0.0921875 0.084375
83 0.3765625 0.19453125 0.140625 0.09375
25 0.60703125 0.21796875 0.103125 0.05625
79 0.79375 0.2453125 0.1265625 0.0296875
38 0.675 0.45 0.10625 0.0375
88 0.559375 0.44609375 0.153125 0.0828125
53 0.7328125 0.46953125 0.2046875 0.0625
14 0.3875 0.45625 0.19375 0.0640625