18 0.66640625 0.1421875 0.0859375 0.2625
18 0.65703125 0.27890625 0.1046875 0.2203125
68 0.44453125 0.40703125 0.1265625 0.1640625
68 0.1015625 0.053125 0.203125 0.10625
68 0.08515625 0.44609375 0.1703125 0.1453125
68 0.23203125 0.08125 0.1234375 0.1625
92 0.371875 0.05546875 0.175 0.1109375
88 0.29609375 0.3453125 0.190625 0.2015625
31 0.3234375 0.4828125 0.103125 0.071875
68 0.49921875 0.3359375 0.1796875 0.1875
68 0.515625 0.19921875 0.1359375 0.1421875
64 0.5890625 0.0859375 0.240625 0.171875
14 0.93671875 0.453125 0.1265625 0.13125
14 0.9796875 0.28671875 0.040625 0.1859375
15 0.825 0.49765625 0.1375 0.0421875
15 0.8890625 0.396875 0.1515625 0.20625
15 0.92265625 0.19609375 0.1546875 0.2265625
64 0.75234375 0.359375 0.0859375 0.31875
88 0.25 0.81171875 0.225 0.1890625
23 0.125 0.72109375 0.14375 0.2078125
15 0.32734375 0.67890625 0.16875 0.14375
15 0.19921875 0.60703125 0.1640625 0.11875
82 0.23359375 0.6875 0.2390625 0.178125
42 0.6203125 0.63828125 0.178125 0.2390625
14 0.4765625 0.8453125 0.1453125 0.2578125
73 0.29375 0.56640625 0.215625 0.0953125
18 0.9109375 0.5546875 0.178125 0.071875
18 0.95 0.5953125 0.1 0.153125