93 0.68046875 0.48828125 0.4171875 0.0890625
93 0.628125 0.41796875 0.378125 0.0828125
93 0.4 0.4546875 0.1 0.0875
93 0.5109375 0.521875 0.334375 0.08125
93 0.3109375 0.48828125 0.090625 0.0765625
93 0.33046875 0.546875 0.0671875 0.065625
93 0.7890625 0.68359375 0.421875 0.1265625
93 0.64453125 0.58984375 0.3890625 0.0859375
93 0.525 0.68203125 0.134375 0.096875
93 0.296875 0.7234375 0.315625 0.1125
93 0.29140625 0.6296875 0.328125 0.0875
93 0.65859375 0.328125 0.2609375 0.109375
93 0.321875 0.253125 0.1 0.075
93 0.58046875 0.24140625 0.371875 0.0703125