37 0.896875 0.36796875 0.20625 0.0578125
37 0.896875 0.40859375 0.1890625 0.046875
23 0.8640625 0.46171875 0.1390625 0.046875
23 0.871875 0.49296875 0.1453125 0.034375
23 0.875 0.51640625 0.134375 0.034375
15 0.8609375 0.5546875 0.134375 0.0578125
43 0.9078125 0.60703125 0.184375 0.0796875
45 0.9109375 0.696875 0.178125 0.0875
40 0.321875 0.553125 0.6 0.1203125
51 0.071875 0.29765625 0.14375 0.0890625
93 0.096875 0.43203125 0.19375 0.0765625
15 0.08359375 0.59296875 0.1671875 0.246875
13 0.1359375 0.31640625 0.271875 0.0875
13 0.146875 0.35234375 0.29375 0.0796875