15 0.54453125 0.48359375 0.0671875 0.09375
51 0.49453125 0.496875 0.04375 0.0671875
88 0.371875 0.36484375 0.0546875 0.084375
15 0.353125 0.2984375 0.0546875 0.084375
15 0.3140625 0.3484375 0.05 0.0796875
76 0.6 0.3046875 0.1109375 0.1109375
88 0.68046875 0.2953125 0.0546875 0.0734375
51 0.71953125 0.3 0.0390625 0.0671875
20 0.6 0.5546875 0.0828125 0.1140625
12 0.421875 0.5734375 0.0609375 0.0671875
76 0.175 0.4953125 0.1609375 0.1875
10 0.5859375 0.1734375 0.05 0.0875
23 0.4109375 0.8515625 0.071875 0.04375
57 0.071875 0.50703125 0.05625 0.196875
57 0.025 0.51015625 0.05 0.2109375
32 0.05 0.21015625 0.05 0.046875
32 0.09453125 0.221875 0.034375 0.040625
10 0.54140625 0.178125 0.04375 0.0703125
10 0.9578125 0.159375 0.084375 0.1125
51 0.80546875 0.2265625 0.0390625 0.0578125
57 0.85546875 0.8515625 0.078125 0.296875