57 0.65546875 0.746875 0.20625 0.396875
88 0.828125 0.81171875 0.2109375 0.1296875
88 0.753125 0.9 0.184375 0.134375
88 0.91640625 0.90703125 0.1671875 0.1078125
10 0.828125 0.41171875 0.2 0.1421875
10 0.6359375 0.41796875 0.1890625 0.134375
10 0.46640625 0.41796875 0.171875 0.1234375
32 0.16640625 0.21171875 0.15625 0.0796875
32 0.0640625 0.21640625 0.128125 0.084375
31 0.5140625 0.86640625 0.1953125 0.1109375
31 0.4109375 0.8765625 0.1390625 0.1203125
31 0.3640625 0.91328125 0.1671875 0.1140625
25 0.1390625 0.3953125 0.234375 0.103125