93 0.5 0.5203125 0.04375 0.028125
93 0.54140625 0.5203125 0.05 0.028125
93 0.5 0.5453125 0.04375 0.028125
93 0.54453125 0.546875 0.0453125 0.0265625
57 0.375 0.53671875 0.065625 0.0390625
57 0.3140625 0.53671875 0.05625 0.0390625
25 0.44140625 0.53984375 0.0828125 0.0390625
76 0.48046875 0.61640625 0.128125 0.0609375
15 0.40859375 0.61796875 0.0609375 0.0390625
15 0.371875 0.63515625 0.05625 0.0390625
10 0.41640625 0.728125 0.0546875 0.04375
10 0.46953125 0.7296875 0.0546875 0.040625
13 0.49453125 0.703125 0.1 0.034375
32 0.61640625 0.4765625 0.0328125 0.034375
32 0.64453125 0.478125 0.0328125 0.034375
32 0.73359375 0.475 0.0453125 0.03125
51 0.30859375 0.7265625 0.0671875 0.05
51 0.35859375 0.725 0.05 0.05