25 0.2609375 0.18203125 0.115625 0.1203125
32 0.34453125 0.1953125 0.0453125 0.0796875
32 0.3890625 0.1953125 0.04375 0.084375
32 0.43046875 0.1953125 0.0390625 0.084375
88 0.34453125 0.328125 0.078125 0.096875
15 0.303125 0.38828125 0.065625 0.103125
31 0.4390625 0.3984375 0.065625 0.0796875
15 0.15 0.31328125 0.065625 0.0796875
15 0.36953125 0.396875 0.078125 0.090625
10 0.5640625 0.38359375 0.071875 0.1109375
10 0.61953125 0.378125 0.078125 0.115625
13 0.14140625 0.86484375 0.0671875 0.1203125
13 0.1 0.88203125 0.0609375 0.1
13 0.075 0.9 0.05625 0.0875
13 0.071875 0.9484375 0.065625 0.071875
13 0.125 0.953125 0.071875 0.05625
54 0.221875 0.903125 0.115625 0.140625
54 0.30546875 0.9046875 0.0953125 0.1296875
93 0.071875 0.178125 0.0625 0.109375
93 0.128125 0.18203125 0.05625 0.1109375
93 0.18359375 0.18671875 0.0609375 0.103125
93 0.721875 0.3796875 0.071875 0.1296875
93 0.66640625 0.38359375 0.0546875 0.1296875
57 0.653125 0.7765625 0.071875 0.4375