57 0.65546875 0.746875 0.2046875 0.396875
88 0.828125 0.81171875 0.2125 0.1296875
88 0.753125 0.9 0.184375 0.134375
88 0.91640625 0.90703125 0.1671875 0.1078125
10 0.828125 0.41171875 0.2 0.1421875
10 0.6359375 0.41796875 0.190625 0.1328125
10 0.46640625 0.41796875 0.178125 0.1234375
32 0.16640625 0.21171875 0.1546875 0.0796875
32 0.0640625 0.21640625 0.128125 0.0859375
31 0.5140625 0.86640625 0.19375 0.1078125
31 0.4109375 0.8765625 0.134375 0.121875
31 0.3640625 0.91328125 0.165625 0.1140625
25 0.1390625 0.3953125 0.234375 0.103125