10 0.0640625 0.51171875 0.128125 0.05
10 0.0640625 0.46015625 0.128125 0.046875
10 0.06640625 0.40625 0.1328125 0.053125
10 0.071875 0.34765625 0.14375 0.0703125
10 0.06640625 0.28515625 0.1328125 0.0703125
15 0.396875 0.49140625 0.3109375 0.0734375
15 0.403125 0.4234375 0.3453125 0.0796875
15 0.39453125 0.3546875 0.3890625 0.0734375
15 0.41953125 0.2765625 0.3890625 0.0859375
76 0.65859375 0.6953125 0.5171875 0.1578125
10 0.175 0.725 0.25 0.0578125
10 0.1859375 0.7703125 0.25625 0.0609375
51 0.76953125 0.771875 0.184375 0.046875