88 0.165625 0.83046875 0.140625 0.0703125
88 0.28828125 0.83046875 0.10625 0.0640625
88 0.38828125 0.82265625 0.09375 0.0671875
88 0.35078125 0.803125 0.084375 0.065625
10 0.31484375 0.678125 0.134375 0.109375
10 0.440625 0.66953125 0.121875 0.1046875
10 0.23046875 0.090625 0.14375 0.109375
10 0.3875 0.09375 0.128125 0.1
62 0.35546875 0.41171875 0.115625 0.0765625
62 0.48828125 0.41796875 0.096875 0.0671875
62 0.41015625 0.43828125 0.0875 0.0765625
62 0.35390625 0.459375 0.078125 0.046875
13 0.64296875 0.41015625 0.209375 0.0546875
13 0.57734375 0.4375 0.140625 0.04375
13 0.27109375 0.2046875 0.315625 0.13125
31 0.653125 0.18515625 0.115625 0.1921875
31 0.565625 0.1828125 0.134375 0.146875
31 0.48046875 0.1921875 0.159375 0.153125