31 0.63125 0.66171875 0.05625 0.390625
31 0.63984375 0.31875 0.0359375 0.303125
88 0.66796875 0.70859375 0.0171875 0.0875
88 0.6640625 0.62734375 0.009375 0.078125
88 0.66953125 0.52421875 0.0203125 0.090625
10 0.13828125 0.5375 0.0765625 0.115625
10 0.1421875 0.42734375 0.08125 0.121875
10 0.16953125 0.34375 0.0828125 0.103125
10 0.290625 0.51796875 0.053125 0.071875
62 0.25390625 0.67421875 0.0671875 0.078125
62 0.19453125 0.50625 0.0578125 0.096875
62 0.465625 0.65546875 0.04375 0.090625
62 0.459375 0.565625 0.0375 0.08125