31 0.128125 0.328125 0.1 0.278125
31 0.17265625 0.3375 0.0859375 0.265625
10 0.41640625 0.79453125 0.0828125 0.128125
10 0.18671875 0.72734375 0.0765625 0.121875
10 0.83515625 0.83125 0.0796875 0.1375
10 0.45859375 0.61953125 0.0328125 0.084375
62 0.68828125 0.53125 0.0484375 0.1
62 0.23203125 0.509375 0.0734375 0.084375
62 0.259375 0.37421875 0.0625 0.084375
62 0.23046875 0.33125 0.0671875 0.096875
88 0.1890625 0.61171875 0.059375 0.09375
88 0.24921875 0.625 0.0484375 0.084375
88 0.44765625 0.48828125 0.0453125 0.053125
88 0.4625 0.44140625 0.059375 0.059375
13 0.63671875 0.45546875 0.0453125 0.084375
13 0.6765625 0.478125 0.071875 0.10625
13 0.5453125 0.325 0.09375 0.234375
13 0.79921875 0.24609375 0.0578125 0.1875
13 0.82109375 0.17109375 0.0546875 0.190625