62 0.58046875 0.8578125 0.13125 0.1
62 0.3625 0.85546875 0.078125 0.0703125
62 0.384375 0.809375 0.046875 0.040625
62 0.5625 0.3578125 0.084375 0.04375
10 0.85390625 0.6375 0.115625 0.071875
10 0.66953125 0.5984375 0.090625 0.034375
10 0.33359375 0.66875 0.15 0.1
10 0.25390625 0.646875 0.090625 0.071875
13 0.378125 0.85546875 0.190625 0.2109375
13 0.334375 0.603125 0.265625 0.05
13 0.50234375 0.38671875 0.071875 0.0703125
88 0.309375 0.97578125 0.103125 0.0484375
88 0.19453125 0.96875 0.103125 0.0625
88 0.275 0.87421875 0.065625 0.0453125
88 0.22421875 0.91484375 0.109375 0.0546875
13 0.48984375 0.41640625 0.059375 0.0484375
31 0.44296875 0.67421875 0.14375 0.0765625
31 0.47109375 0.646875 0.090625 0.040625