62 0.46328125 0.18671875 0.10625 0.0765625
62 0.39296875 0.34609375 0.103125 0.0578125
62 0.478125 0.3375 0.084375 0.059375
62 0.51953125 0.54921875 0.09375 0.0609375
31 0.271875 0.35546875 0.184375 0.0609375
31 0.621875 0.36171875 0.340625 0.0421875
10 0.196875 0.81796875 0.11875 0.0796875
10 0.703125 0.82578125 0.109375 0.0828125
10 0.815625 0.83984375 0.115625 0.0765625
10 0.75390625 0.7796875 0.096875 0.0625
88 0.471875 0.7203125 0.071875 0.05625
88 0.50390625 0.69375 0.065625 0.04375
88 0.43359375 0.7 0.053125 0.046875