62 0.9203125 0.509375 0.1 0.121875
62 0.4859375 0.53671875 0.059375 0.078125
62 0.25546875 0.49921875 0.0609375 0.090625
62 0.259375 0.81796875 0.05 0.090625
10 0.39921875 0.31875 0.0484375 0.075
10 0.4953125 0.34453125 0.040625 0.06875
10 0.5203125 0.3125 0.053125 0.090625
10 0.7390625 0.55078125 0.0625 0.08125
31 0.4046875 0.57734375 0.04375 0.221875
31 0.43046875 0.35390625 0.0578125 0.078125
31 0.58984375 0.69453125 0.0453125 0.278125
88 0.54375 0.63671875 0.03125 0.05625
88 0.56171875 0.62890625 0.0046875 0.084375