88 0.69140625 0.646875 0.10625 0.05
88 0.81640625 0.6515625 0.10625 0.053125
88 0.79140625 0.80859375 0.1390625 0.0734375
88 0.64453125 0.8 0.134375 0.0734375
88 0.5140625 0.7984375 0.128125 0.0578125
88 0.5390625 0.6484375 0.084375 0.05
88 0.625 0.6734375 0.084375 0.04375
88 0.7109375 0.703125 0.1171875 0.04375
88 0.83046875 0.7015625 0.134375 0.053125
88 0.84453125 0.753125 0.121875 0.0625
88 0.696875 0.75 0.0953125 0.05
88 0.603125 0.7296875 0.0828125 0.059375
88 0.51640625 0.69140625 0.128125 0.05
88 0.503125 0.73671875 0.1171875 0.053125