22 0.4671875 0.61796875 0.103125 0.0421875
89 0.4796875 0.58828125 0.078125 0.0640625
68 0.48671875 0.53671875 0.0640625 0.0703125
68 0.48515625 0.503125 0.0671875 0.078125
18 0.49140625 0.47890625 0.0546875 0.0734375
18 0.5 0.43984375 0.0375 0.0609375
18 0.24453125 0.54140625 0.2796875 0.1078125
18 0.2109375 0.58359375 0.278125 0.1109375
18 0.1625 0.62265625 0.25 0.0328125
18 0.02109375 0.61015625 0.0421875 0.0578125
18 0.03359375 0.5828125 0.0671875 0.075
18 0.0203125 0.528125 0.040625 0.05625
18 0.03046875 0.5015625 0.0609375 0.0625
18 0.03515625 0.47265625 0.0703125 0.0609375
18 0.07109375 0.44765625 0.1421875 0.0765625
18 0.07421875 0.41875 0.1484375 0.0625
18 0.0703125 0.39609375 0.140625 0.0640625
18 0.07578125 0.371875 0.1515625 0.05
18 0.490625 0.3078125 0.05625 0.06875
18 0.49140625 0.25078125 0.0546875 0.0765625
18 0.4640625 0.18984375 0.109375 0.0796875
18 0.5109375 0.05390625 0.015625 0.0390625
18 0.30625 0.3875 0.2125 0.08125
18 0.27578125 0.44296875 0.2390625 0.078125
57 0.25703125 0.49375 0.275 0.1046875
92 0.4578125 0.04765625 0.121875 0.0953125
65 0.3109375 0.1484375 0.1046875 0.10625
93 0.3171875 0.0375 0.1234375 0.0640625
68 0.3390625 0.29296875 0.0734375 0.06875
68 0.2671875 0.29453125 0.071875 0.0859375
30 0.31640625 0.21640625 0.0578125 0.0625
10 0.42890625 0.275 0.0796875 0.125
18 0.471875 0.14765625 0.09375 0.0578125
88 0.13046875 0.21640625 0.0765625 0.071875
15 0.125 0.0375 0.078125 0.075
62 0.0703125 0.19296875 0.078125 0.1328125
10 0.09375 0.2875 0.1109375 0.0765625
23 0.07734375 0.03125 0.0546875 0.0625
15 0.16484375 0.09140625 0.09375 0.06875
23 0.809375 0.28515625 0.15625 0.1875
15 0.79765625 0.45234375 0.1390625 0.1796875
88 0.8171875 0.05859375 0.134375 0.1171875
32 0.94921875 0.4859375 0.1015625 0.14375
53 0.96484375 0.33671875 0.0703125 0.0859375
51 0.96875 0.26171875 0.0625 0.0984375
62 0.97109375 0.109375 0.0578125 0.0875
10 0.971875 0.1734375 0.05625 0.09375
68 0.96953125 0.02265625 0.0609375 0.0453125
54 0.1950873328125 0.743735203125 0.1419776796875 0.7904438390624999 0.10646871718749999 0.8337506250000001 0.0912123953125 0.8726008468750001 0.092781678125 0.89361028125 0.0953571734375 0.918114475 0.10714892499999999 0.9194920828125 0.1106822671875 0.9191207140625 0.1744917 0.9026465078125 0.220946228125 0.8977639406250001 0.2558299703125 0.9010812687499999 0.2693317328125 0.8981102328125001 0.3045230578125 0.8649244890625001 0.3151258359375 0.8475146515624999 0.3270092296875 0.81600269375 0.3338367328125 0.76513781875 0.330526178125 0.7336400015625 0.3126605703125 0.7057706406250001 0.2928062296875 0.7008736546875001 0.277507428125 0.7020257390625 0.265752265625 0.7032612578124999 0.232370971875 0.7173133109375 0.1950873328125 0.743735203125
15 0.247615240625 0.7139900453125 0.2366445296875 0.7280645265625 0.2433633890625 0.7296887437499999 0.24236509062499997 0.7243978921875 0.2542478828125 0.727901625 0.2591766109375 0.7264105359374999 0.27334868437500004 0.7356749984375 0.296850328125 0.7434076484375 0.30473992656250004 0.725747978125 0.3222858015625 0.7337766546875 0.3150390515625 0.7336028015625 0.31627255781249997 0.7422642625 0.3330265984375 0.7524684828125 0.33299785625 0.7565642718750001 0.35623555625000003 0.765022103125 0.36222006093750003 0.760630284375 0.3628341703125 0.7468925546875 0.3505097078125 0.73255181875 0.3345475 0.7201720515625001 0.308756575 0.7066786734375 0.303208453125 0.6857705734375 0.2890651171875 0.6724103218749999 0.291205415625 0.662513078125 0.2848367203125 0.6478763125 0.27388704218750004 0.6390625 0.056490454687500004 0.6390625 0.0561577484375 0.6399766046875001 0.08298878750000001 0.676244659375 0.22344200937499997 0.728186703125 0.2306887609375 0.72836055625 0.2469096265625 0.7038782234375 0.2551546765625 0.709342921875 0.2551259359375 0.7134387125 0.251723396875 0.718770290625 0.2517521359375 0.7146745 0.247615240625 0.7139900453125
22 0.84609375 0.68671875 0.2359375 0.0953125
32 0.97421875 0.88984375 0.0515625 0.1171875
69 0.81328125 0.840625 0.1734375 0.1875
93 0.81015625 0.7375 0.0703125 0.0515625
93 0.75546875 0.73046875 0.0625 0.0515625
21 0.98203125 0.80234375 0.0359375 0.0890625