10 0.2546875 0.859375 0.3828125 0.2
22 0.4765625 0.6328125 0.81875 0.16875
10 0.69453125 0.86484375 0.3625 0.1671875
83 0.15390625 0.42890625 0.153125 0.10625
23 0.353125 0.4359375 0.165625 0.1125
12 0.6078125 0.4390625 0.171875 0.078125
39 0.8046875 0.3078125 0.171875 0.0875
74 0.79453125 0.4390625 0.15625 0.090625
15 0.34921875 0.29453125 0.1734375 0.0890625
88 0.16015625 0.30703125 0.1625 0.096875
64 0.60078125 0.2859375 0.1671875 0.0875
32 0.78828125 0.11796875 0.1796875 0.1015625
47 0.18203125 0.07421875 0.1703125 0.1484375
47 0.59296875 0.10546875 0.1375 0.109375
47 0.3703125 0.08125 0.1234375 0.1546875