41 0.396875 0.68828125 0.4890625 0.2109375
93 0.68046875 0.66640625 0.1171875 0.10625
46 0.81640625 0.653125 0.1890625 0.09375
56 0.9359375 0.69296875 0.1109375 0.1734375
13 0.2359375 0.51640625 0.084375 0.1203125
13 0.275 0.5 0.05625 0.140625
13 0.33046875 0.496875 0.05 0.1265625
51 0.48046875 0.503125 0.071875 0.0859375
66 0.6609375 0.48203125 0.1453125 0.1234375
66 0.6609375 0.5484375 0.0609375 0.0796875
66 0.73359375 0.48359375 0.1109375 0.140625
46 0.825 0.475 0.228125 0.1234375
67 0.85 0.31484375 0.228125 0.140625
10 0.70546875 0.30859375 0.134375 0.146875
10 0.578125 0.31328125 0.121875 0.134375
10 0.675 0.36328125 0.1171875 0.040625
25 0.353125 0.3515625 0.328125 0.0578125
19 0.45859375 0.253125 0.1953125 0.1078125
20 0.646875 0.2453125 0.184375 0.090625
57 0.275 0.253125 0.1390625 0.1078125