56 0.11953125 0.3796875 0.121875 0.184375
13 0.24140625 0.36171875 0.1890625 0.1
13 0.3640625 0.3265625 0.15 0.05625
13 0.2890625 0.39140625 0.221875 0.0859375
13 0.43046875 0.38359375 0.0890625 0.05
13 0.321875 0.43671875 0.215625 0.0765625
13 0.43046875 0.43828125 0.0890625 0.0578125
93 0.446875 0.3015625 0.10625 0.10625
93 0.525 0.41015625 0.071875 0.1171875
57 0.51953125 0.59140625 0.1328125 0.1390625
40 0.79140625 0.6203125 0.3046875 0.2265625
46 0.178125 0.63828125 0.19375 0.1
46 0.1609375 0.55 0.2109375 0.08125
25 0.40859375 0.796875 0.228125 0.109375
91 0.6859375 0.7953125 0.371875 0.103125
67 0.171875 0.86171875 0.29375 0.2671875