56 0.225 0.21640625 0.0953125 0.15
90 0.371875 0.26640625 0.19375 0.04375
93 0.46953125 0.18203125 0.078125 0.0609375
93 0.4890625 0.2546875 0.071875 0.103125
46 0.303125 0.3953125 0.171875 0.1
57 0.53046875 0.3796875 0.0890625 0.109375
25 0.61953125 0.51328125 0.15625 0.0640625
46 0.43359375 0.5234375 0.121875 0.096875
67 0.29140625 0.50859375 0.178125 0.1078125
57 0.7140625 0.70703125 0.1109375 0.1640625
19 0.571875 0.68203125 0.15625 0.1578125
20 0.41640625 0.6546875 0.1453125 0.15
76 0.375 0.83515625 0.134375 0.14375
93 0.55 0.18359375 0.0609375 0.0671875
93 0.55859375 0.25703125 0.071875 0.090625