56 0.078125 0.66484375 0.15625 0.0578125
90 0.1109375 0.5765625 0.065625 0.121875
93 0.025 0.51796875 0.05 0.0421875
93 0.09140625 0.50703125 0.178125 0.0421875
46 0.325 0.61796875 0.1625 0.103125
57 0.3 0.48203125 0.178125 0.0578125
25 0.521875 0.428125 0.1 0.09375
46 0.5390625 0.53984375 0.15625 0.0734375
67 0.5140625 0.625 0.178125 0.10625
57 0.84453125 0.371875 0.271875 0.065625
19 0.803125 0.45703125 0.2625 0.0921875
20 0.75859375 0.55 0.25 0.0875
76 0.96953125 0.5734375 0.0609375 0.078125
93 0.028125 0.4703125 0.05625 0.034375
93 0.09453125 0.46484375 0.15 0.0390625