56 0.68046875 0.7515625 0.0828125 0.096875
46 0.575 0.73515625 0.1375 0.0828125
93 0.4640625 0.73828125 0.071875 0.0921875
10 0.2609375 0.73828125 0.109375 0.1234375
89 0.171875 0.74140625 0.1 0.1171875
13 0.228125 0.5765625 0.065625 0.0875
51 0.3390625 0.59296875 0.078125 0.0796875
11 0.2609375 0.58359375 0.078125 0.1203125
66 0.5359375 0.596875 0.084375 0.10625
46 0.625 0.60703125 0.121875 0.1078125
67 0.628125 0.475 0.14375 0.115625
10 0.50546875 0.475 0.0890625 0.084375
19 0.353125 0.296875 0.15 0.159375
57 0.225 0.28515625 0.1125 0.1671875
20 0.5109375 0.33359375 0.15625 0.1390625
76 0.578125 0.2265625 0.15625 0.053125
66 0.48046875 0.59140625 0.1046875 0.103125
66 0.49453125 0.6296875 0.0546875 0.0734375
10 0.43046875 0.46328125 0.0953125 0.1
13 0.1859375 0.5796875 0.040625 0.128125
13 0.153125 0.59296875 0.05625 0.1078125
40 0.825 0.45703125 0.14375 0.2390625
40 0.9359375 0.38515625 0.128125 0.3578125