56 0.31953125 0.2484375 0.084375 0.096875
46 0.425 0.26484375 0.1390625 0.084375
93 0.5359375 0.26171875 0.071875 0.09375
10 0.73359375 0.26171875 0.1109375 0.1234375
89 0.828125 0.26015625 0.1 0.1203125
13 0.771875 0.4234375 0.0671875 0.0859375
51 0.6609375 0.40703125 0.078125 0.0796875
11 0.7390625 0.41640625 0.078125 0.1203125
66 0.4640625 0.403125 0.084375 0.1078125
46 0.375 0.39296875 0.121875 0.1078125
67 0.371875 0.525 0.1453125 0.1171875
10 0.49453125 0.525 0.0890625 0.084375
19 0.646875 0.703125 0.15 0.1609375
57 0.775 0.71484375 0.10625 0.1640625
20 0.4890625 0.66640625 0.15625 0.140625
76 0.421875 0.76171875 0.15625 0.0765625
41 0.59453125 0.75859375 0.15625 0.084375
66 0.51953125 0.40859375 0.10625 0.103125
66 0.50546875 0.3703125 0.05625 0.0734375
10 0.56953125 0.53671875 0.09375 0.1
13 0.8140625 0.4203125 0.034375 0.1265625
13 0.846875 0.40703125 0.05625 0.1078125
40 0.175 0.54296875 0.1453125 0.240625
40 0.0640625 0.61484375 0.128125 0.3578125