23 0.45859375 0.63203125 0.278125 0.184375
50 0.35546875 0.28203125 0.334375 0.1375
81 0.496875 0.45 0.2953125 0.1796875
31 0.93046875 0.3046875 0.134375 0.2078125
76 0.09453125 0.4015625 0.1890625 0.3578125
88 0.03046875 0.66640625 0.0609375 0.0671875
88 0.03359375 0.63671875 0.0671875 0.0796875
88 0.03359375 0.73515625 0.0671875 0.0625
88 0.0390625 0.725 0.078125 0.090625
88 0.0359375 0.6515625 0.071875 0.0703125
76 0.11640625 0.40078125 0.2328125 0.3640625
93 0.796875 0.68828125 0.134375 0.0734375