12 0.91953125 0.171875 0.1609375 0.08125
89 0.0859375 0.33359375 0.1609375 0.1609375
25 0.425 0.3796875 0.221875 0.065625
12 0.89140625 0.1234375 0.1453125 0.0734375
55 0.9359375 0.3453125 0.128125 0.1296875
21 0.846875 0.2734375 0.284375 0.0796875
25 0.9 0.53515625 0.2 0.0890625
23 0.26953125 0.4984375 0.371875 0.0375
63 0.50859375 0.88515625 0.7828125 0.1234375
88 0.16640625 0.628125 0.1 0.04375
93 0.85859375 0.70703125 0.1046875 0.0734375
93 0.278125 0.16328125 0.134375 0.0859375
93 0.421875 0.16640625 0.1125 0.0859375
32 0.55 0.6953125 0.078125 0.04375