12 0.65859375 0.16328125 0.121875 0.046875
89 0.146875 0.2453125 0.1 0.1171875
55 0.6640625 0.26640625 0.10625 0.0796875
57 0.35859375 0.49296875 0.1 0.1234375
88 0.1359375 0.50859375 0.05625 0.034375
88 0.221875 0.4953125 0.0671875 0.0296875
93 0.61953125 0.53671875 0.0671875 0.04375
93 0.553125 0.53671875 0.0671875 0.05
32 0.34140625 0.56015625 0.071875 0.034375
32 0.41953125 0.5515625 0.0609375 0.04375
76 0.321875 0.853125 0.2171875 0.134375
88 0.79140625 0.928125 0.121875 0.053125
93 0.26640625 0.14140625 0.1109375 0.0796875