68 0.240625 0.06171875 0.184375 0.1234375
68 0.1796875 0.21953125 0.1640625 0.2046875
31 0.13828125 0.3671875 0.15625 0.1421875
21 0.30703125 0.26640625 0.1734375 0.2109375
31 0.33671875 0.08046875 0.1265625 0.1609375
18 0.8125 0.0765625 0.375 0.153125
18 0.78671875 0.21171875 0.4265625 0.2671875
57 0.68046875 0.3109375 0.3046875 0.1875
64 0.68515625 0.39765625 0.4453125 0.1828125
22 0.484375 0.11328125 0.16875 0.1921875
39 0.45390625 0.284375 0.1078125 0.2625
18 0.34296875 0.6640625 0.1140625 0.16875
18 0.1625 0.9109375 0.325 0.178125
31 0.0328125 0.72265625 0.065625 0.1796875
68 0.275 0.75546875 0.146875 0.1296875
68 0.1546875 0.80390625 0.1296875 0.1203125
18 0.56171875 0.540625 0.3234375 0.103125
22 0.49609375 0.9640625 0.1921875 0.071875
32 0.69765625 0.865625 0.1140625 0.1265625
69 0.50546875 0.84140625 0.1984375 0.2078125
93 0.4625 0.9359375 0.078125 0.065625
93 0.42109375 0.92109375 0.0421875 0.0578125
21 0.66328125 0.946875 0.0796875 0.09375