18 0.05078125 0.06796875 0.1015625 0.1359375
18 0.259375 0.0453125 0.278125 0.090625
18 0.4796875 0.065625 0.11875 0.13125
68 0.23515625 0.1328125 0.209375 0.15
82 0.2875 0.35390625 0.178125 0.1109375
93 0.46953125 0.3875 0.1265625 0.04375
18 0.5015625 0.33203125 0.075 0.1171875
68 0.96015625 0.39609375 0.0796875 0.0265625
68 0.9578125 0.37578125 0.084375 0.0671875
18 0.96328125 0.36171875 0.0734375 0.0828125
18 0.9734375 0.32265625 0.053125 0.0609375
18 0.709375 0.3875 0.284375 0.04375
18 0.57265625 0.32578125 0.0671875 0.0640625
18 0.57578125 0.29609375 0.0734375 0.0546875
18 0.571875 0.2734375 0.065625 0.05625
18 0.5765625 0.2484375 0.075 0.05
18 0.96171875 0.190625 0.0765625 0.065625
18 0.9625 0.13359375 0.075 0.0671875
18 0.934375 0.07265625 0.13125 0.0671875
18 0.76953125 0.26796875 0.2125 0.0734375
18 0.740625 0.32265625 0.24375 0.08125
57 0.72265625 0.3703125 0.2703125 0.078125
65 0.7671875 0.04140625 0.109375 0.0828125
68 0.8 0.17421875 0.0734375 0.06875
68 0.728125 0.17421875 0.0734375 0.0828125
30 0.77578125 0.096875 0.059375 0.0640625
10 0.88984375 0.15703125 0.078125 0.1203125
18 0.93984375 0.0296875 0.1203125 0.059375
88 0.58984375 0.09453125 0.0765625 0.06875
62 0.5515625 0.06953125 0.025 0.1296875
10 0.57421875 0.1640625 0.0703125 0.071875
23 0.328125 0.92890625 0.1625 0.1421875
88 0.33203125 0.68203125 0.1453125 0.20625
53 0.48984375 0.9796875 0.0859375 0.040625
51 0.49609375 0.93046875 0.0859375 0.1015625
62 0.49765625 0.778125 0.0828125 0.0875
10 0.4984375 0.8421875 0.08125 0.09375
68 0.4921875 0.65390625 0.09375 0.1296875
68 0.5 0.5 0.078125 0.15
18 0.8953125 0.44453125 0.209375 0.0703125
68 0.96015625 0.91015625 0.0796875 0.1359375
68 0.96484375 0.7671875 0.0703125 0.121875
68 0.96796875 0.62578125 0.0640625 0.1171875
32 0.765625 0.8265625 0.121875 0.2703125
68 0.78671875 0.5953125 0.134375 0.1546875
68 0.840625 0.73828125 0.1171875 0.1046875
69 0.86875 0.8765625 0.0734375 0.14375
88 0.83125 0.43046875 0.09375 0.0421875
10 0.64765625 0.42109375 0.0765625 0.0234375
15 0.571875 0.8703125 0.065625 0.1375
15 0.5734375 0.75 0.06875 0.121875
31 0.57421875 0.59609375 0.0703125 0.1390625
23 0.63046875 0.884375 0.0890625 0.1171875
15 0.6359375 0.7828125 0.090625 0.10625
64 0.640625 0.65 0.1125 0.184375