61 0.36796875 0.5828125 0.1453125 0.10625
81 0.5203125 0.59453125 0.259375 0.08125
41 0.75703125 0.6015625 0.234375 0.090625
58 0.5703125 0.85625 0.19375 0.084375
10 0.73828125 0.8640625 0.1625 0.0828125
70 0.40390625 0.8796875 0.175 0.096875
85 0.81640625 0.9296875 0.125 0.0921875
85 0.684375 0.9296875 0.103125 0.1015625
23 0.38984375 0.22109375 0.20625 0.046875
17 0.57578125 0.221875 0.1390625 0.0390625
83 0.36171875 0.453125 0.146875 0.08125
88 0.5671875 0.453125 0.209375 0.075
53 0.7484375 0.46328125 0.18125 0.0515625