61 0.4125 0.59296875 0.1484375 0.1203125
53 0.740625 0.5859375 0.1046875 0.0671875
21 0.5359375 0.85390625 0.1890625 0.1265625
25 0.7734375 0.87578125 0.09375 0.084375
17 0.38203125 0.89375 0.1359375 0.0765625
45 0.3609375 0.19609375 0.065625 0.0984375
33 0.4484375 0.2171875 0.11875 0.0515625
41 0.69765625 0.21328125 0.246875 0.0671875
19 0.50546875 0.428125 0.153125 0.0875
85 0.3765625 0.44453125 0.1390625 0.0828125
70 0.61015625 0.44375 0.1578125 0.084375
27 0.78671875 0.45078125 0.20625 0.059375