25 0.53984375 0.59765625 0.1296875 0.0734375
19 0.746875 0.61953125 0.153125 0.0734375
23 0.3578125 0.609375 0.1375 0.0625
83 0.53671875 0.8703125 0.1375 0.0875
85 0.765625 0.89375 0.1703125 0.1328125
10 0.38046875 0.87890625 0.1796875 0.1015625
57 0.6640625 0.17265625 0.115625 0.1640625
21 0.825 0.21484375 0.203125 0.103125
30 0.48359375 0.21796875 0.078125 0.0515625
17 0.38515625 0.2140625 0.1296875 0.0484375
84 0.396875 0.4078125 0.128125 0.140625
81 0.59609375 0.4265625 0.290625 0.109375
42 0.74921875 0.475 0.2953125 0.0640625