17 0.465625 0.4703125 0.13125 0.0421875
23 0.61796875 0.4734375 0.1125 0.034375
36 0.44296875 0.54609375 0.14375 0.1
21 0.58984375 0.5734375 0.171875 0.08125
30 0.7640625 0.58984375 0.0875 0.0640625
26 0.44453125 0.609375 0.290625 0.103125
42 0.7140625 0.61953125 0.2375 0.053125
57 0.75625 0.82578125 0.084375 0.146875
70 0.4046875 0.84375 0.15 0.065625
57 0.8078125 0.8515625 0.1046875 0.171875
85 0.5484375 0.85390625 0.134375 0.071875
84 0.67265625 0.86484375 0.1078125 0.1375
44 0.38671875 0.91171875 0.196875 0.0859375
13 0.775 0.92109375 0.2 0.125
14 0.53515625 0.93125 0.11875 0.078125
53 0.36640625 0.971875 0.059375 0.034375
81 0.346875 0.153125 0.184375 0.184375
84 0.77890625 0.18125 0.096875 0.140625
45 0.83359375 0.18828125 0.0625 0.125
61 0.66640625 0.19375 0.134375 0.0875
88 0.4921875 0.2125 0.1859375 0.065625
41 0.7859375 0.42265625 0.165625 0.153125
83 0.565625 0.43359375 0.1140625 0.071875
10 0.40546875 0.4421875 0.16875 0.065625
23 0.74453125 0.459375 0.140625 0.065625
38 0.3390625 0.46328125 0.096875 0.05625