36 0.3375 0.575 0.1171875 0.121875
88 0.72265625 0.6015625 0.146875 0.090625
58 0.4609375 0.59140625 0.1375 0.0984375
21 0.6703125 0.834375 0.153125 0.0953125
14 0.36171875 0.8796875 0.1921875 0.103125
23 0.74296875 0.9140625 0.203125 0.1171875
81 0.52734375 0.90625 0.271875 0.15625
84 0.609375 0.18984375 0.125 0.128125
26 0.765625 0.21953125 0.2125 0.0859375
25 0.4015625 0.2015625 0.153125 0.0671875
45 0.35625 0.41328125 0.059375 0.1015625
85 0.54375 0.45234375 0.215625 0.0875
42 0.76015625 0.47734375 0.225 0.0703125
79 0.3421875 0.45703125 0.1171875 0.040625