36 0.4015625 0.55390625 0.1578125 0.1375
83 0.3546875 0.59453125 0.15 0.096875
26 0.753125 0.6171875 0.1953125 0.1015625
23 0.54765625 0.6125 0.2296875 0.08125
13 0.7703125 0.884375 0.1796875 0.1296875
44 0.39140625 0.9015625 0.2078125 0.0921875
30 0.61640625 0.91875 0.0859375 0.0765625
45 0.665625 0.19375 0.078125 0.11875
21 0.3984375 0.1953125 0.1984375 0.1015625
25 0.6 0.215625 0.109375 0.0578125
17 0.76328125 0.23515625 0.1328125 0.0296875
88 0.55703125 0.446875 0.15625 0.078125
14 0.37578125 0.45625 0.2015625 0.065625
85 0.715625 0.4703125 0.2625 0.08125