53 0.4328125 0.590625 0.171875 0.1
26 0.7453125 0.61328125 0.2078125 0.1046875
84 0.646875 0.8640625 0.10625 0.140625
70 0.475 0.86640625 0.1296875 0.0734375
81 0.75703125 0.90234375 0.2078125 0.1921875
21 0.3421875 0.896875 0.1546875 0.11875
38 0.7015625 0.2234375 0.1140625 0.0546875
53 0.80234375 0.2328125 0.1234375 0.0421875
79 0.584375 0.2328125 0.1296875 0.040625
45 0.3609375 0.4171875 0.0625 0.103125
83 0.584375 0.44296875 0.146875 0.0859375
10 0.71796875 0.46015625 0.1609375 0.08125
25 0.41171875 0.453125 0.1265625 0.0625