23 0.625 0.4703125 0.128125 0.0375
36 0.434375 0.540625 0.140625 0.065625
21 0.584375 0.565625 0.15625 0.0671875
30 0.77265625 0.575 0.0765625 0.0375
26 0.65078125 0.603125 0.2484375 0.0953125
58 0.42109375 0.60859375 0.2296875 0.0953125
38 0.82578125 0.61875 0.1140625 0.0625
57 0.759375 0.821875 0.0984375 0.15
70 0.40703125 0.8515625 0.1359375 0.090625
57 0.81171875 0.84609375 0.109375 0.175
44 0.559375 0.853125 0.140625 0.0625
84 0.67734375 0.8625 0.1125 0.1375
13 0.7828125 0.9140625 0.196875 0.125
42 0.53203125 0.921875 0.1671875 0.1390625
53 0.36953125 0.934375 0.1515625 0.09375
81 0.334375 0.1609375 0.178125 0.18125
84 0.7703125 0.171875 0.096875 0.1265625
61 0.66328125 0.1765625 0.1125 0.0484375
45 0.825 0.18125 0.06875 0.1125
85 0.65625 0.20234375 0.2625 0.075
88 0.47734375 0.21796875 0.15 0.05625
41 0.78984375 0.41015625 0.159375 0.1515625
83 0.56953125 0.434375 0.134375 0.075
10 0.40546875 0.44375 0.1703125 0.0625
25 0.41953125 0.45546875 0.140625 0.0640625
23 0.74609375 0.45546875 0.125 0.0671875