13 0.4171875 0.5828125 0.140625 0.1046875
26 0.74921875 0.61171875 0.20625 0.0984375
88 0.55625 0.60703125 0.1625 0.090625
30 0.340625 0.6140625 0.090625 0.06875
61 0.734375 0.86953125 0.1375 0.115625
70 0.41171875 0.85859375 0.234375 0.071875
83 0.35546875 0.91796875 0.1859375 0.1109375
44 0.57265625 0.95 0.1953125 0.096875
25 0.55234375 0.21171875 0.0828125 0.0578125
38 0.70703125 0.21875 0.10625 0.0515625
53 0.7984375 0.23203125 0.134375 0.0390625
79 0.37734375 0.22421875 0.140625 0.040625
45 0.75 0.4234375 0.06875 0.090625
84 0.55703125 0.4203125 0.11875 0.1359375
41 0.76875 0.45546875 0.215625 0.096875
21 0.41796875 0.446875 0.1859375 0.1015625
85 0.61015625 0.46796875 0.0796875 0.0546875