18 0.30703125 0.43515625 0.2203125 0.0984375
18 0.303125 0.48671875 0.2234375 0.0765625
18 0.2703125 0.50625 0.171875 0.0796875
18 0.29453125 0.3796875 0.1828125 0.090625
18 0.09453125 0.4828125 0.1890625 0.10625
18 0.06796875 0.4390625 0.1359375 0.0875
18 0.0734375 0.40234375 0.146875 0.0734375
18 0.0765625 0.36171875 0.153125 0.0796875
18 0.07890625 0.33046875 0.1578125 0.0640625
32 0.56953125 0.52578125 0.0890625 0.1265625
25 0.61484375 0.45703125 0.1078125 0.1203125
25 0.5359375 0.434375 0.05625 0.08125
68 0.49453125 0.29921875 0.190625 0.090625
68 0.49609375 0.24140625 0.15625 0.0828125
68 0.63125 0.215625 0.075 0.065625
68 0.63203125 0.1578125 0.0734375 0.06875
68 0.634375 0.10546875 0.06875 0.0890625
68 0.63359375 0.03984375 0.0703125 0.0703125
68 0.6265625 0.3328125 0.084375 0.071875
68 0.48828125 0.184375 0.1390625 0.078125
68 0.50546875 0.140625 0.184375 0.0796875
68 0.521875 0.0953125 0.171875 0.0828125
64 0.51640625 0.03671875 0.1546875 0.0734375
92 0.35 0.2109375 0.1421875 0.1046875
15 0.23359375 0.03828125 0.1171875 0.0765625
73 0.21796875 0.1859375 0.1203125 0.165625
15 0.34375 0.1 0.14375 0.109375
14 0.794895384375 0 0.7995752546875 0.02912684375 0.8127886921874999 0.0565208765625 0.8185164781250001 0.0594154234375 0.8555467234374999 0.058891890625 0.8933183234375001 0.0506043390625 0.9223098999999999 0.0356601515625 0.93642900625 0.023558428125 0.9442552937500001 0.0016177156250000001 0.94326121875 0 0.794895384375 0
18 1 0.4540705140625 0.9635971546875 0.44392423125 0.9431171218750001 0.44069902812499995 0.9344994921875 0.4432217984375 0.8607713765625 0.43161106875 0.791820253125 0.41454482343750004 0.70204860625 0.397303653125 0.66875 0.39388023906249997 0.66875 0.5280928171875 0.6779351421875 0.526197984375 0.7093378609375 0.53114329375 0.8400695734375001 0.5548348671875 0.8521873453125 0.5582951296875 0.8556023625 0.5650407265624999 0.8479244515625 0.57159135625 0.845197140625 0.5835774609375 0.8337637156250001 0.5864327703125001 0.8177201843749999 0.580802328125 0.7279485359375 0.5635611609375 0.670263953125 0.5575808734375001 0.66875 0.5579589578124999 0.66875 0.5890625 0.9393366078125001 0.5890625 0.9149110140625 0.5813644484375 0.8888845156249999 0.5780417625000001 0.8853843734375 0.572058734375 0.926599809375 0.5762214296875 0.9773152749999999 0.5890625 1 0.5890625 1 0.4540705140625
18 0.05 0.71875 0.1 0.190625
18 0.26328125 0.6875 0.2640625 0.171875
18 0.52421875 0.66796875 0.2390625 0.1578125
18 0.54921875 0.725 0.2390625 0.20625
68 0.23515625 0.8171875 0.1921875 0.13125
18 0.54609375 0.9875 0.1671875 0.025
18 0.76171875 0.8734375 0.1828125 0.0859375
22 0.73984375 0.82109375 0.1171875 0.065625
89 0.76328125 0.7765625 0.121875 0.075
68 0.76796875 0.72578125 0.1046875 0.075
68 0.7796875 0.6921875 0.128125 0.075
18 0.825 0.6703125 0.196875 0.0765625
18 0.8203125 0.63046875 0.15 0.0640625
32 0.98671875 0.8625 0.0265625 0.175