84 0.740625 0.56328125 0.1125 0.134375
36 0.340625 0.58671875 0.1265625 0.1203125
58 0.4625 0.5890625 0.1453125 0.0984375
88 0.6109375 0.6078125 0.1546875 0.08125
30 0.753125 0.61328125 0.08125 0.0671875
21 0.690625 0.82734375 0.1546875 0.103125
13 0.565625 0.8765625 0.1765625 0.1015625
14 0.38515625 0.88984375 0.1859375 0.1
23 0.7625 0.89609375 0.20625 0.1171875
57 0.515625 0.15859375 0.1109375 0.1796875
84 0.36953125 0.18203125 0.121875 0.128125
61 0.6703125 0.18984375 0.18125 0.1046875
85 0.515625 0.4484375 0.2171875 0.0796875
70 0.73671875 0.45 0.159375 0.0734375
38 0.3546875 0.46015625 0.096875 0.0546875