21 0.625 0.58125 0.16875 0.0984375
44 0.3203125 0.57109375 0.0734375 0.146875
84 0.7890625 0.59609375 0.121875 0.146875
13 0.4375 0.58828125 0.1875 0.0828125
58 0.66953125 0.5984375 0.1984375 0.09375
57 0.753125 0.82734375 0.0890625 0.15625
57 0.66015625 0.8265625 0.1078125 0.1671875
41 0.3859375 0.85859375 0.215625 0.128125
79 0.55234375 0.87734375 0.115625 0.065625
10 0.73359375 0.89609375 0.1984375 0.096875
81 0.390625 0.1796875 0.25 0.1296875
61 0.8015625 0.2046875 0.134375 0.103125
88 0.66640625 0.21640625 0.1625 0.071875
23 0.48125 0.22109375 0.21875 0.0609375
26 0.41484375 0.44609375 0.2734375 0.090625
25 0.7234375 0.4640625 0.153125 0.065625