13 0.43203125 0.590625 0.140625 0.0890625
26 0.74765625 0.60859375 0.2140625 0.096875
88 0.5640625 0.60625 0.1515625 0.090625
30 0.34375 0.61640625 0.0859375 0.06875
61 0.7515625 0.865625 0.1484375 0.1046875
70 0.43046875 0.86640625 0.2265625 0.065625
83 0.36875 0.921875 0.1765625 0.1125
44 0.60703125 0.94921875 0.2765625 0.0984375
25 0.54609375 0.2125 0.0875 0.0484375
38 0.7140625 0.2234375 0.1171875 0.0625
53 0.809375 0.2265625 0.1234375 0.053125
79 0.3890625 0.228125 0.1359375 0.0265625
84 0.5546875 0.41171875 0.103125 0.128125
45 0.75234375 0.41796875 0.0765625 0.084375
41 0.4265625 0.44453125 0.2671875 0.103125
85 0.6078125 0.46640625 0.109375 0.0609375
23 0.765625 0.4703125 0.2375 0.0640625