23 0.6265625 0.4734375 0.1125 0.034375
21 0.71171875 0.58671875 0.175 0.09375
13 0.55 0.60234375 0.209375 0.09375
30 0.353125 0.60625 0.0796875 0.065625
61 0.759375 0.87265625 0.140625 0.115625
85 0.578125 0.8875 0.140625 0.134375
70 0.37265625 0.88828125 0.1734375 0.1140625
81 0.3578125 0.16015625 0.184375 0.16875
25 0.5171875 0.21640625 0.0921875 0.04375
38 0.80234375 0.21875 0.109375 0.046875
79 0.67578125 0.23046875 0.1375 0.025
41 0.7875 0.41953125 0.1515625 0.140625
45 0.33984375 0.43515625 0.059375 0.115625
83 0.5734375 0.4421875 0.121875 0.0921875
88 0.4453125 0.4484375 0.15625 0.0640625
23 0.74765625 0.459375 0.1328125 0.06875