79 0.3375 0.46796875 0.13125 0.0375
84 0.6953125 0.565625 0.109375 0.13125
36 0.3296875 0.59140625 0.1234375 0.121875
58 0.45390625 0.59296875 0.1375 0.09375
88 0.60625 0.6078125 0.15625 0.0875
21 0.6875 0.825 0.15625 0.0890625
14 0.38359375 0.8890625 0.196875 0.1
81 0.54140625 0.89140625 0.275 0.1375
23 0.75703125 0.90078125 0.19375 0.10625
84 0.58984375 0.184375 0.115625 0.121875
26 0.75078125 0.20703125 0.20625 0.078125
83 0.37265625 0.20859375 0.16875 0.078125
45 0.3515625 0.42265625 0.053125 0.103125
85 0.5140625 0.45 0.209375 0.075
70 0.7328125 0.4546875 0.1640625 0.0703125