23 0.621875 0.47578125 0.1140625 0.034375
21 0.584375 0.57890625 0.1828125 0.09375
13 0.45546875 0.578125 0.1671875 0.084375
30 0.7140625 0.609375 0.0796875 0.065625
57 0.75390625 0.8328125 0.1015625 0.1578125
57 0.8 0.85546875 0.103125 0.1671875
70 0.609375 0.890625 0.2078125 0.1015625
85 0.35625 0.88828125 0.171875 0.125
81 0.346875 0.15546875 0.19375 0.1765625
25 0.5171875 0.21484375 0.090625 0.05
38 0.8015625 0.22421875 0.1125 0.046875
79 0.675 0.23828125 0.140625 0.0265625
41 0.78828125 0.42578125 0.1609375 0.1390625
45 0.33671875 0.43203125 0.0640625 0.115625
83 0.57734375 0.44296875 0.13125 0.084375
88 0.4421875 0.446875 0.15 0.0703125
23 0.74140625 0.4609375 0.1375 0.06875