23 0.62578125 0.46875 0.1125 0.0390625
21 0.71484375 0.57890625 0.178125 0.0984375
13 0.55390625 0.60078125 0.2140625 0.1015625
30 0.35703125 0.6109375 0.08125 0.0671875
61 0.771875 0.86328125 0.1453125 0.121875
85 0.59140625 0.884375 0.14375 0.1390625
70 0.3859375 0.8921875 0.1765625 0.1203125
81 0.34609375 0.165625 0.190625 0.175
25 0.50703125 0.215625 0.09375 0.0484375
38 0.7921875 0.20859375 0.1109375 0.05
79 0.66640625 0.22421875 0.1375 0.03125
41 0.784375 0.409375 0.15625 0.1453125
45 0.3375 0.440625 0.0640625 0.1171875
83 0.57109375 0.43984375 0.125 0.096875
88 0.44375 0.45 0.1578125 0.06875
23 0.74609375 0.45078125 0.134375 0.071875