10 0.39609375 0.5921875 0.1796875 0.071875
19 0.53515625 0.6140625 0.1796875 0.075
27 0.7546875 0.62421875 0.196875 0.075
41 0.7015625 0.86328125 0.153125 0.1234375
25 0.39296875 0.87109375 0.134375 0.065625
83 0.5859375 0.87734375 0.1234375 0.0796875
84 0.78828125 0.1796875 0.1171875 0.140625
88 0.50703125 0.21171875 0.21875 0.06875
33 0.35859375 0.2140625 0.1171875 0.0484375
81 0.396875 0.4125 0.19375 0.146875
45 0.53203125 0.4171875 0.071875 0.096875
61 0.75859375 0.43671875 0.1875 0.10625
85 0.590625 0.4484375 0.234375 0.078125