84 0.7375 0.5734375 0.1140625 0.1359375
36 0.33828125 0.5765625 0.1140625 0.1296875
61 0.45390625 0.6 0.153125 0.10625
88 0.60546875 0.615625 0.15625 0.090625
30 0.74765625 0.6265625 0.08125 0.06875
21 0.6734375 0.83671875 0.15625 0.10625
45 0.32421875 0.8375 0.0609375 0.1015625
13 0.5421875 0.88046875 0.18125 0.1015625
44 0.371875 0.93515625 0.234375 0.1015625
57 0.5296875 0.1640625 0.1140625 0.1921875
84 0.38515625 0.17578125 0.128125 0.1328125
17 0.7453125 0.23125 0.153125 0.0453125
85 0.51328125 0.4515625 0.209375 0.090625
70 0.73125 0.46015625 0.171875 0.071875
38 0.35546875 0.45390625 0.09375 0.0578125