17 0.7125 0.46015625 0.115625 0.0484375
36 0.41015625 0.56640625 0.1671875 0.121875
26 0.76328125 0.59296875 0.203125 0.10625
23 0.55625 0.61484375 0.221875 0.0828125
13 0.79765625 0.86484375 0.18125 0.1234375
44 0.4390625 0.9078125 0.1953125 0.090625
30 0.65078125 0.9109375 0.0921875 0.078125
70 0.3859375 0.21328125 0.190625 0.08125
25 0.57421875 0.209375 0.0875 0.05625
38 0.6984375 0.2140625 0.090625 0.0546875
53 0.78828125 0.2140625 0.146875 0.046875
21 0.3984375 0.42734375 0.1734375 0.0625
88 0.56328125 0.4421875 0.14375 0.078125
85 0.40546875 0.459375 0.284375 0.0875