25 0.55 0.59453125 0.1234375 0.0734375
19 0.75625 0.59140625 0.159375 0.084375
23 0.36875 0.61953125 0.1421875 0.0671875
85 0.76640625 0.86328125 0.203125 0.13125
70 0.60390625 0.88984375 0.14375 0.0921875
10 0.43984375 0.90078125 0.2109375 0.109375
57 0.76640625 0.15703125 0.1234375 0.1515625
21 0.48671875 0.20546875 0.171875 0.0859375
17 0.353125 0.2265625 0.1296875 0.046875
84 0.38515625 0.415625 0.11875 0.1359375
81 0.58203125 0.4140625 0.2859375 0.11875
42 0.74609375 0.44765625 0.2875 0.0625