83 0.39453125 0.59140625 0.1328125 0.0875
85 0.778125 0.6078125 0.1796875 0.08125
58 0.5546875 0.6046875 0.1625 0.0828125
19 0.39609375 0.8671875 0.1515625 0.0921875
61 0.58984375 0.8859375 0.2046875 0.1125
27 0.7578125 0.896875 0.2078125 0.1125
36 0.45859375 0.1796875 0.1265625 0.13125
30 0.375 0.20859375 0.0859375 0.0640625
41 0.6203125 0.2203125 0.1515625 0.075
10 0.79375 0.22734375 0.1109375 0.0671875
57 0.78515625 0.40625 0.0984375 0.153125
25 0.6171875 0.4546875 0.1328125 0.0578125
33 0.3875 0.4578125 0.1234375 0.0703125