30 0.65078125 0.57734375 0.0734375 0.0609375
41 0.53046875 0.6 0.21875 0.0828125
28 0.7453125 0.61484375 0.121875 0.05
84 0.55390625 0.83203125 0.10625 0.1375
88 0.696875 0.8640625 0.178125 0.090625
36 0.3875 0.88046875 0.153125 0.1171875
84 0.5265625 0.178125 0.125 0.140625
83 0.8046875 0.2140625 0.1421875 0.065625
23 0.37421875 0.21484375 0.11875 0.0515625
53 0.65859375 0.22421875 0.14375 0.05
10 0.40625 0.446875 0.1875 0.075
19 0.76875 0.4578125 0.140625 0.059375
42 0.596875 0.4625 0.1875 0.05625