23 0.55 0.46640625 0.2 0.065625
25 0.59375 0.59375 0.109375 0.059375
83 0.40625 0.6 0.125 0.071875
28 0.7734375 0.6171875 0.1640625 0.05625
26 0.4546875 0.853125 0.240625 0.0828125
14 0.75546875 0.88046875 0.1625 0.0890625
10 0.76015625 0.2171875 0.1703125 0.0546875
53 0.4125 0.22265625 0.1609375 0.0484375
17 0.584375 0.23046875 0.10625 0.0359375
57 0.784375 0.3984375 0.0984375 0.14375
57 0.38125 0.409375 0.096875 0.1703125
36 0.46015625 0.4203125 0.06875 0.1015625
30 0.6125 0.43828125 0.0765625 0.040625
33 0.75546875 0.4578125 0.1140625 0.0484375