10 0.396875 0.59609375 0.18125 0.075
83 0.5734375 0.59453125 0.134375 0.0734375
27 0.76015625 0.61171875 0.2 0.0734375
21 0.74609375 0.86171875 0.159375 0.1109375
19 0.56953125 0.878125 0.1609375 0.084375
41 0.40234375 0.89375 0.18125 0.1125
84 0.77421875 0.16875 0.1171875 0.14375
33 0.34765625 0.21796875 0.1203125 0.0484375
88 0.496875 0.21875 0.2125 0.0515625
81 0.38671875 0.4125 0.1875 0.153125
45 0.53203125 0.41796875 0.0671875 0.103125
61 0.75078125 0.428125 0.1828125 0.1078125
85 0.5890625 0.4453125 0.2375 0.0796875