84 0.76875 0.57890625 0.115625 0.1421875
36 0.35234375 0.57578125 0.1453125 0.1171875
13 0.53203125 0.59609375 0.1796875 0.0875
38 0.7046875 0.6328125 0.1171875 0.071875
57 0.64609375 0.8265625 0.103125 0.1640625
30 0.3390625 0.86015625 0.075 0.071875
45 0.35703125 0.88359375 0.0640625 0.1109375
25 0.59609375 0.91796875 0.1390625 0.09375
88 0.7765625 0.2296875 0.2015625 0.075
17 0.53671875 0.225 0.1390625 0.0453125
58 0.5671875 0.45 0.159375 0.115625
83 0.38984375 0.44375 0.1484375 0.0859375
85 0.79609375 0.46796875 0.125 0.0765625
85 0.6875 0.46484375 0.084375 0.0609375