25 0.43046875 0.59453125 0.146875 0.046875
85 0.76796875 0.59609375 0.178125 0.0953125
58 0.603125 0.6 0.153125 0.078125
83 0.54375 0.8578125 0.121875 0.0875
19 0.41171875 0.8703125 0.115625 0.078125
14 0.73671875 0.87421875 0.1578125 0.0734375
36 0.80234375 0.190625 0.15625 0.1015625
79 0.65 0.228125 0.1703125 0.034375
45 0.74921875 0.40546875 0.059375 0.0734375
70 0.48046875 0.428125 0.09375 0.0453125
30 0.58203125 0.446875 0.0671875 0.0640625
81 0.7140625 0.453125 0.3015625 0.0640625
13 0.421875 0.46328125 0.203125 0.06875