36 0.63515625 0.5609375 0.1078125 0.103125
41 0.79140625 0.59921875 0.184375 0.0828125
88 0.54140625 0.609375 0.1421875 0.059375
61 0.60546875 0.86328125 0.1421875 0.1203125
26 0.42890625 0.87265625 0.175 0.1046875
85 0.79921875 0.89375 0.1796875 0.09375
83 0.78046875 0.209375 0.1359375 0.071875
19 0.60546875 0.21484375 0.153125 0.053125
23 0.41640625 0.228125 0.2046875 0.0453125
57 0.42421875 0.39375 0.09375 0.1390625
25 0.4515625 0.45 0.1484375 0.0515625
10 0.82578125 0.45234375 0.1296875 0.078125