58 0.4046875 0.59609375 0.1453125 0.0796875
85 0.76953125 0.59140625 0.178125 0.09375
25 0.5828125 0.5953125 0.1390625 0.065625
81 0.740625 0.81015625 0.2140625 0.165625
19 0.3640625 0.86640625 0.1234375 0.1234375
14 0.54140625 0.88203125 0.25625 0.1140625
88 0.6328125 0.203125 0.153125 0.078125
30 0.3515625 0.21484375 0.0953125 0.0703125
70 0.475 0.21328125 0.1625 0.06875
13 0.76640625 0.215625 0.184375 0.053125
45 0.7921875 0.428125 0.0671875 0.115625
33 0.63046875 0.45390625 0.159375 0.053125