13 0.4203125 0.58828125 0.171875 0.103125
26 0.74453125 0.615625 0.2171875 0.1125
88 0.55390625 0.6078125 0.153125 0.090625
70 0.4671875 0.8640625 0.1453125 0.08125
21 0.3390625 0.89453125 0.178125 0.1265625
81 0.390625 0.1828125 0.2625 0.125
38 0.7078125 0.22734375 0.121875 0.0609375
53 0.80859375 0.2390625 0.1234375 0.0484375
79 0.5875 0.2328125 0.1296875 0.0359375
45 0.36015625 0.41640625 0.0671875 0.1046875
83 0.58671875 0.44296875 0.1390625 0.0828125
10 0.71484375 0.46484375 0.1671875 0.0796875
25 0.41015625 0.44921875 0.128125 0.0640625