17 0.62265625 0.47265625 0.1484375 0.0484375
36 0.41171875 0.5640625 0.1515625 0.140625
26 0.7515625 0.6078125 0.2046875 0.09375
58 0.359375 0.60703125 0.140625 0.103125
23 0.553125 0.61484375 0.2234375 0.0796875
13 0.778125 0.88046875 0.1703125 0.125
44 0.4125 0.90546875 0.1875 0.0953125
30 0.628125 0.91640625 0.090625 0.0765625
83 0.36484375 0.20234375 0.1578125 0.0890625
25 0.59375 0.21484375 0.1015625 0.0515625
79 0.7859375 0.23046875 0.11875 0.03125
38 0.67109375 0.44375 0.096875 0.0375
88 0.5609375 0.44453125 0.159375 0.078125
21 0.384375 0.4421875 0.15625 0.096875
53 0.73828125 0.46015625 0.1984375 0.04375