61 0.75078125 0.58203125 0.1359375 0.0953125
83 0.41171875 0.5984375 0.1234375 0.075
27 0.5734375 0.60703125 0.18125 0.059375
26 0.446875 0.85546875 0.21875 0.0953125
14 0.75546875 0.87890625 0.15625 0.078125
10 0.75859375 0.215625 0.1765625 0.05625
17 0.58671875 0.2296875 0.115625 0.0265625
57 0.7796875 0.4 0.103125 0.1453125
57 0.38203125 0.409375 0.0953125 0.165625
36 0.44375 0.428125 0.10625 0.1109375
30 0.6046875 0.4421875 0.065625 0.0578125
33 0.74609375 0.45234375 0.109375 0.05
23 0.55234375 0.4625 0.209375 0.046875