61 0.36171875 0.58359375 0.1421875 0.1
21 0.51796875 0.5953125 0.171875 0.1
25 0.6921875 0.60703125 0.1484375 0.0640625
13 0.37421875 0.8734375 0.1484375 0.084375
53 0.76796875 0.8859375 0.1515625 0.0859375
23 0.4984375 0.89140625 0.1265625 0.09375
23 0.65390625 0.90234375 0.0890625 0.0796875
84 0.8015625 0.17734375 0.1375 0.1375
79 0.51796875 0.228125 0.1265625 0.0296875
26 0.39296875 0.44140625 0.234375 0.0890625
38 0.70546875 0.4578125 0.1015625 0.0578125
17 0.60859375 0.46015625 0.115625 0.046875
30 0.790625 0.46328125 0.0796875 0.0671875