13 0.43671875 0.58984375 0.1515625 0.1078125
26 0.753125 0.609375 0.20625 0.0984375
88 0.55859375 0.60546875 0.1453125 0.0921875
30 0.3421875 0.61484375 0.084375 0.071875
61 0.74765625 0.8703125 0.1484375 0.1203125
70 0.43515625 0.865625 0.2359375 0.0671875
83 0.365625 0.9203125 0.165625 0.109375
44 0.58359375 0.95078125 0.21875 0.09375
25 0.58125 0.21484375 0.084375 0.0546875
38 0.71640625 0.22265625 0.1171875 0.0546875
53 0.8 0.228125 0.1296875 0.04375
45 0.74609375 0.41328125 0.05625 0.0671875
84 0.553125 0.415625 0.109375 0.1390625
41 0.7703125 0.4546875 0.21875 0.09375
21 0.41796875 0.44921875 0.190625 0.0953125
85 0.60859375 0.465625 0.0875 0.0578125