84 0.75 0.559375 0.1078125 0.1375
36 0.33828125 0.584375 0.1234375 0.11875
81 0.5234375 0.6015625 0.3109375 0.1046875
57 0.6453125 0.8140625 0.096875 0.1625
30 0.34453125 0.87265625 0.0734375 0.06875
45 0.365625 0.89375 0.0625 0.1125
25 0.60546875 0.9109375 0.1328125 0.0921875
36 0.3328125 0.1765625 0.159375 0.146875
21 0.48828125 0.203125 0.196875 0.08125
10 0.6109375 0.209375 0.28125 0.075
88 0.7796875 0.21484375 0.0984375 0.0546875
83 0.38671875 0.45078125 0.14375 0.078125
53 0.696875 0.453125 0.2 0.05
23 0.54296875 0.46015625 0.196875 0.0734375