28 0.57734375 0.4765625 0.13125 0.034375
36 0.428125 0.5703125 0.125 0.121875
27 0.5796875 0.61015625 0.165625 0.0578125
25 0.7671875 0.6171875 0.153125 0.05625
84 0.771875 0.86484375 0.1203125 0.1375
41 0.653125 0.8703125 0.1515625 0.121875
23 0.5 0.8703125 0.146875 0.0921875
83 0.371875 0.8703125 0.13125 0.0984375
58 0.471875 0.20546875 0.165625 0.0734375
70 0.8 0.225 0.1453125 0.059375
88 0.59921875 0.21796875 0.13125 0.0578125
57 0.69375 0.40546875 0.0875 0.153125
30 0.7703125 0.453125 0.071875 0.0625
32 0.41953125 0.45078125 0.10625 0.053125