61 0.36796875 0.58125 0.146875 0.1125
30 0.53671875 0.6015625 0.075 0.065625
41 0.7171875 0.60546875 0.2484375 0.1046875
36 0.578125 0.84609375 0.1578125 0.08125
10 0.73671875 0.8671875 0.1765625 0.096875
70 0.39453125 0.875 0.15625 0.1078125
13 0.54140625 0.91171875 0.2203125 0.0859375
57 0.73828125 0.1734375 0.090625 0.15625
23 0.39453125 0.2203125 0.2125 0.0546875
17 0.58125 0.22421875 0.1375 0.0421875
83 0.36328125 0.45 0.140625 0.08125
88 0.56875 0.4546875 0.2125 0.078125
53 0.75 0.46796875 0.1875 0.05625