84 0.753125 0.55546875 0.1125 0.1359375
36 0.33671875 0.5875 0.121875 0.1125
44 0.615625 0.6140625 0.259375 0.0703125
79 0.44921875 0.628125 0.1296875 0.046875
57 0.6578125 0.8125 0.1046875 0.1578125
45 0.340625 0.8484375 0.05625 0.1
10 0.64765625 0.915625 0.18125 0.1
70 0.3796875 0.9296875 0.175 0.128125
36 0.3203125 0.1828125 0.175 0.146875
88 0.72265625 0.20546875 0.2078125 0.075
84 0.753125 0.41328125 0.1203125 0.128125
13 0.40625 0.44921875 0.1953125 0.0703125
83 0.61640625 0.44453125 0.1421875 0.0859375