28 0.8109375 0.4609375 0.128125 0.0375
13 0.63125 0.58125 0.10625 0.090625
33 0.4640625 0.6 0.1 0.0640625
10 0.8125 0.59453125 0.1734375 0.0953125
57 0.48359375 0.83671875 0.10625 0.1640625
70 0.80703125 0.88359375 0.1453125 0.1140625
41 0.62734375 0.896875 0.225 0.1125
45 0.82578125 0.17890625 0.0765625 0.109375
88 0.67890625 0.203125 0.1578125 0.0734375
83 0.39765625 0.21484375 0.15 0.0640625
19 0.52578125 0.215625 0.1390625 0.0546875
84 0.67578125 0.40703125 0.1140625 0.1421875
81 0.4625 0.44765625 0.2640625 0.0796875