84 0.5359375 0.56953125 0.109375 0.1328125
21 0.375 0.60078125 0.171875 0.096875
13 0.68203125 0.609375 0.19375 0.075
61 0.68828125 0.8671875 0.140625 0.1296875
58 0.54765625 0.87265625 0.1421875 0.1140625
10 0.8046875 0.86875 0.1296875 0.1328125
53 0.37109375 0.88359375 0.1390625 0.0828125
88 0.3875 0.203125 0.19375 0.08125
81 0.7234375 0.1984375 0.2484375 0.0875
41 0.53359375 0.2140625 0.171875 0.0609375
70 0.71953125 0.4453125 0.1203125 0.059375
25 0.62734375 0.45546875 0.1453125 0.0625
42 0.3953125 0.4640625 0.190625 0.059375