10 0.58203125 0.59765625 0.190625 0.10625
27 0.771875 0.6171875 0.2234375 0.0796875
42 0.40078125 0.60546875 0.1984375 0.078125
14 0.62109375 0.890625 0.2171875 0.109375
41 0.39296875 0.890625 0.2234375 0.128125
28 0.76953125 0.9078125 0.1328125 0.0859375
70 0.7703125 0.215625 0.215625 0.0765625
83 0.39609375 0.20546875 0.1328125 0.06875
25 0.559375 0.2140625 0.14375 0.0609375
26 0.75234375 0.446875 0.196875 0.1015625
19 0.40625 0.44375 0.1703125 0.0609375
32 0.53203125 0.453125 0.1359375 0.0546875