17 0.71015625 0.4609375 0.1234375 0.046875
36 0.4171875 0.5671875 0.159375 0.121875
26 0.76015625 0.59375 0.2046875 0.1015625
23 0.5609375 0.61015625 0.228125 0.0859375
13 0.803125 0.865625 0.18125 0.115625
44 0.4171875 0.909375 0.184375 0.08125
30 0.6484375 0.9140625 0.1 0.090625
70 0.39921875 0.21171875 0.1671875 0.059375
25 0.57578125 0.209375 0.0828125 0.05625
38 0.70625 0.21484375 0.1171875 0.0625
53 0.79375 0.2171875 0.1375 0.05
81 0.403125 0.41171875 0.259375 0.1796875
88 0.5671875 0.4421875 0.14375 0.084375