41 0.64296875 0.55703125 0.24375 0.084375
58 0.31171875 0.58828125 0.1609375 0.084375
81 0.634375 0.590625 0.234375 0.10625
44 0.46875 0.59609375 0.1875 0.0921875
61 0.28515625 0.86953125 0.13125 0.10625
17 0.45234375 0.8734375 0.14375 0.065625
42 0.68046875 0.878125 0.2046875 0.10625
45 0.4359375 0.19375 0.05625 0.096875
83 0.2796875 0.20703125 0.15625 0.08125
88 0.540625 0.21015625 0.175 0.071875
13 0.665625 0.21484375 0.14375 0.065625
26 0.321875 0.4203125 0.2125 0.078125
21 0.684375 0.44375 0.190625 0.09375
79 0.4875 0.46015625 0.1375 0.0390625