61 0.371875 0.5859375 0.140625 0.0984375
26 0.7546875 0.6109375 0.20625 0.0984375
17 0.5453125 0.62734375 0.125 0.05625
85 0.63125 0.87734375 0.14375 0.1171875
70 0.75625 0.8859375 0.1625 0.109375
53 0.5 0.88125 0.15 0.090625
23 0.36875 0.88359375 0.1875 0.125
84 0.803125 0.1828125 0.134375 0.146875
83 0.6625 0.20625 0.165625 0.09375
25 0.4015625 0.209375 0.1125 0.0484375
41 0.45234375 0.44375 0.25 0.1015625
88 0.58515625 0.4578125 0.1796875 0.071875
38 0.7125 0.46015625 0.0984375 0.0609375
30 0.7921875 0.4640625 0.078125 0.06875