10 0.40078125 0.596875 0.178125 0.0734375
19 0.53671875 0.61171875 0.1859375 0.06875
28 0.7421875 0.6171875 0.1296875 0.0515625
25 0.40703125 0.8640625 0.1390625 0.0640625
83 0.60234375 0.86484375 0.1296875 0.0859375
27 0.77421875 0.90234375 0.209375 0.1109375
84 0.77578125 0.16953125 0.1234375 0.1375
88 0.3765625 0.21015625 0.1734375 0.0703125
32 0.58828125 0.215625 0.1640625 0.0515625
81 0.39375 0.4140625 0.2015625 0.14375
61 0.75 0.4265625 0.1921875 0.10625
45 0.51796875 0.43125 0.06875 0.115625
85 0.6078125 0.4453125 0.14375 0.0859375