36 0.4453125 0.56875 0.1390625 0.1265625
21 0.5921875 0.5734375 0.16875 0.0890625
26 0.69296875 0.6015625 0.278125 0.0984375
57 0.7484375 0.8234375 0.11875 0.15625
84 0.65625 0.84296875 0.103125 0.1359375
57 0.8078125 0.853125 0.1015625 0.1640625
85 0.36171875 0.8828125 0.159375 0.1359375
13 0.75703125 0.91171875 0.1875 0.1125
70 0.5203125 0.9203125 0.146875 0.1015625
81 0.3484375 0.1578125 0.184375 0.1796875
84 0.5421875 0.18125 0.134375 0.1421875
61 0.68046875 0.2 0.1390625 0.0921875
38 0.809375 0.22109375 0.103125 0.0484375
41 0.78984375 0.4234375 0.1828125 0.1328125
45 0.33984375 0.43515625 0.0640625 0.115625
83 0.565625 0.43984375 0.121875 0.084375
88 0.4453125 0.4515625 0.153125 0.075
23 0.6875 0.45703125 0.25 0.0703125