23 0.62265625 0.47421875 0.1109375 0.04375
36 0.44375 0.5671875 0.140625 0.1375
84 0.3546875 0.5734375 0.11875 0.14375
21 0.58515625 0.58125 0.18125 0.096875
30 0.71640625 0.6140625 0.08125 0.0671875
57 0.75 0.83828125 0.1140625 0.165625
57 0.79609375 0.86171875 0.1078125 0.1703125
13 0.61171875 0.85546875 0.2078125 0.1046875
85 0.35390625 0.8828125 0.1703125 0.125
81 0.3546875 0.15859375 0.234375 0.165625
84 0.5453125 0.17890625 0.128125 0.1328125
61 0.67421875 0.20390625 0.1515625 0.0921875
38 0.81484375 0.22890625 0.1140625 0.05
41 0.7890625 0.43125 0.171875 0.15625
45 0.34140625 0.4296875 0.0671875 0.1171875
83 0.57109375 0.440625 0.121875 0.08125
88 0.44140625 0.4453125 0.1453125 0.071875
23 0.74140625 0.4671875 0.140625 0.06875