68 0.0421875 0.0828125 0.0546875 0.0609375
68 0.0390625 0.13828125 0.078125 0.0578125
18 0.03046875 0.18046875 0.0609375 0.0453125
18 0.27109375 0.115625 0.23125 0.0703125
68 0.540625 0.0703125 0.11875 0.1375
68 0.3125 0.05234375 0.190625 0.090625
68 0.1796875 0.075 0.078125 0.05625
68 0.16796875 0.1515625 0.134375 0.075
68 0.275 0.153125 0.0890625 0.05
68 0.096875 0.39375 0.18125 0.03125
68 0.08671875 0.36484375 0.1703125 0.0734375
68 0.09375 0.22734375 0.1671875 0.0671875
64 0.0984375 0.2953125 0.153125 0.0890625
15 0.38203125 0.2828125 0.109375 0.1546875
15 0.2625 0.371875 0.13125 0.075
68 0.74609375 0.1109375 0.0765625 0.2140625
68 0.73828125 0.27890625 0.0765625 0.1296875
93 0.890625 0.15703125 0.0421875 0.1046875
93 0.8875 0.046875 0.0625 0.09375
93 0.959375 0.17265625 0.08125 0.1984375
18 0.93359375 0.01953125 0.0546875 0.0390625
18 0.528125 0.57890625 0.14375 0.1796875
18 0.5625 0.703125 0.075 0.14375
18 0.30078125 0.5296875 0.2609375 0.15625
18 0.08203125 0.48828125 0.1640625 0.1578125
18 0.065625 0.55 0.13125 0.2
68 0.315625 0.66171875 0.1890625 0.1203125
82 0.23984375 0.91640625 0.1390625 0.1671875
82 0.38125 0.953125 0.146875 0.09375
93 0.05859375 0.9484375 0.1078125 0.103125
18 0.0328125 0.85546875 0.065625 0.1015625
18 0.6890625 0.98828125 0.178125 0.0234375
18 0.6890625 0.96875 0.15 0.0546875
18 0.7546875 0.83671875 0.0828125 0.06875
18 0.753125 0.7796875 0.090625 0.0671875
18 0.7859375 0.71953125 0.1484375 0.06875
18 0.74765625 0.58203125 0.065625 0.0328125
89 0.6375 0.54296875 0.075 0.0640625
89 0.63203125 0.58125 0.0640625 0.04375
89 0.6328125 0.63515625 0.065625 0.0484375
18 0.6328125 0.6546875 0.065625 0.05625
18 0.91953125 0.9171875 0.1609375 0.065625
18 0.92421875 0.965625 0.1515625 0.06875
47 0.98359375 0.50390625 0.0328125 0.0609375
92 0.82421875 0.5578125 0.1234375 0.1265625
65 0.95546875 0.6765625 0.0890625 0.10625
93 0.953125 0.565625 0.09375 0.071875
68 0.921875 0.82265625 0.06875 0.0640625
68 0.9796875 0.82421875 0.040625 0.0796875
30 0.95234375 0.74609375 0.0546875 0.0609375
10 0.83359375 0.80390625 0.0671875 0.1171875
18 0.78984375 0.6765625 0.1203125 0.053125
68 0.64453125 0.73046875 0.0890625 0.0515625
39 0.65703125 0.83203125 0.0890625 0.1125