14 0.7765625 0.47734375 0.215625 0.059375
61 0.365625 0.578125 0.153125 0.1125
81 0.51796875 0.6 0.26875 0.096875
41 0.75859375 0.60859375 0.246875 0.103125
58 0.56640625 0.85546875 0.2 0.103125
45 0.70546875 0.875 0.065625 0.1
70 0.37421875 0.88828125 0.1734375 0.1171875
85 0.67109375 0.92734375 0.3515625 0.1421875
83 0.7703125 0.21484375 0.1484375 0.071875
53 0.38984375 0.2171875 0.1359375 0.046875
17 0.5859375 0.225 0.1421875 0.046875
88 0.5625 0.44453125 0.16875 0.0828125
25 0.4015625 0.4484375 0.146875 0.065625