13 0.4296875 0.5984375 0.171875 0.103125
26 0.75234375 0.59609375 0.2078125 0.1015625
88 0.56171875 0.6046875 0.159375 0.090625
61 0.76796875 0.8546875 0.1515625 0.1234375
70 0.49296875 0.86640625 0.1515625 0.0796875
21 0.3796875 0.90703125 0.1765625 0.13125
81 0.36171875 0.19140625 0.2484375 0.121875
38 0.68046875 0.21171875 0.1171875 0.0609375
53 0.78515625 0.2109375 0.1375 0.040625
79 0.55625 0.22734375 0.1375 0.0328125
45 0.35625 0.4234375 0.0671875 0.1046875
83 0.584375 0.43671875 0.1359375 0.084375
10 0.715625 0.4453125 0.1578125 0.078125
25 0.4078125 0.45859375 0.13125 0.0640625