14 0.77265625 0.4578125 0.215625 0.0609375
61 0.3734375 0.58984375 0.159375 0.1109375
81 0.5390625 0.6046875 0.3125 0.1078125
38 0.74375 0.60625 0.103125 0.0640625
58 0.5828125 0.8546875 0.178125 0.103125
36 0.59296875 0.87265625 0.1375 0.1515625
30 0.725 0.8890625 0.078125 0.075
41 0.38671875 0.92265625 0.203125 0.13125
84 0.36171875 0.18359375 0.1140625 0.13125
83 0.7578125 0.19921875 0.146875 0.0734375
13 0.5734375 0.2125 0.1890625 0.0640625
88 0.56015625 0.44140625 0.16875 0.08125
42 0.40078125 0.46640625 0.196875 0.0671875