61 0.3703125 0.58359375 0.1421875 0.1
26 0.75234375 0.61484375 0.2078125 0.103125
17 0.54296875 0.628125 0.1265625 0.059375
85 0.62421875 0.8796875 0.1453125 0.11875
70 0.75 0.88984375 0.1625 0.1109375
53 0.49375 0.88125 0.1515625 0.09375
23 0.3625 0.88125 0.1890625 0.128125
84 0.80859375 0.18828125 0.1375 0.15
83 0.6671875 0.20859375 0.1671875 0.0953125
25 0.40703125 0.2078125 0.1140625 0.05
41 0.45390625 0.44296875 0.2515625 0.10625
88 0.5859375 0.459375 0.1796875 0.075
38 0.71328125 0.46328125 0.1 0.0625
30 0.79296875 0.46875 0.0796875 0.0703125