10 0.39453125 0.58984375 0.18125 0.0796875
19 0.528125 0.6140625 0.1875 0.075
28 0.7328125 0.63359375 0.13125 0.05625
25 0.38203125 0.85703125 0.140625 0.06875
83 0.5765625 0.87109375 0.134375 0.090625
27 0.7453125 0.9203125 0.2125 0.1171875
84 0.79765625 0.1890625 0.128125 0.140625
88 0.39765625 0.20234375 0.175 0.0765625
32 0.6078125 0.22265625 0.165625 0.05625
81 0.4 0.40703125 0.20625 0.1515625
61 0.7546875 0.44453125 0.196875 0.1125
45 0.5234375 0.43203125 0.0734375 0.1171875
85 0.6109375 0.45234375 0.146875 0.090625