84 0.74140625 0.565625 0.109375 0.134375
36 0.325 0.5828125 0.125 0.115625
13 0.62890625 0.60859375 0.196875 0.084375
79 0.44296875 0.62734375 0.134375 0.0453125
57 0.64609375 0.81796875 0.090625 0.159375
45 0.33046875 0.84453125 0.053125 0.1015625
61 0.45 0.8515625 0.190625 0.090625
53 0.7375 0.909375 0.15625 0.0875
70 0.36484375 0.9234375 0.175 0.121875
36 0.33671875 0.1765625 0.1609375 0.14375
83 0.6890625 0.20859375 0.165625 0.078125
84 0.76015625 0.421875 0.11875 0.128125
30 0.32734375 0.46171875 0.0796875 0.0625
41 0.525 0.46484375 0.2453125 0.05625