79 0.51484375 0.46796875 0.1609375 0.040625
41 0.64296875 0.56015625 0.25 0.09375
58 0.36640625 0.5875 0.196875 0.1
81 0.62109375 0.59609375 0.2765625 0.1015625
61 0.2734375 0.86171875 0.1265625 0.0984375
17 0.440625 0.871875 0.1453125 0.0703125
42 0.6578125 0.88203125 0.2078125 0.1046875
45 0.45078125 0.190625 0.065625 0.10625
83 0.2953125 0.19375 0.1640625 0.0765625
88 0.55546875 0.21171875 0.165625 0.0828125
13 0.684375 0.22265625 0.1328125 0.0640625
25 0.66015625 0.446875 0.0890625 0.0640625