26 0.459375 0.59375 0.190625 0.0875
19 0.80234375 0.6046875 0.1765625 0.065625
27 0.6296875 0.60625 0.153125 0.05
41 0.74453125 0.81953125 0.2046875 0.121875
61 0.44453125 0.85078125 0.1421875 0.1140625
58 0.5953125 0.878125 0.15 0.0765625
45 0.4703125 0.19375 0.059375 0.096875
88 0.60078125 0.21015625 0.153125 0.0671875
83 0.7796875 0.21171875 0.1296875 0.065625
57 0.4234375 0.3890625 0.084375 0.134375
81 0.83359375 0.41484375 0.18125 0.1421875
36 0.51640625 0.4265625 0.1015625 0.10625
32 0.40234375 0.45234375 0.103125 0.053125
42 0.653125 0.4625 0.184375 0.0515625