17 0.81171875 0.47421875 0.1359375 0.0578125
32 0.734375 0.603125 0.1265625 0.0578125
25 0.5328125 0.60078125 0.1328125 0.0640625
57 0.38203125 0.59921875 0.0953125 0.0984375
81 0.6734375 0.80859375 0.2578125 0.1109375
70 0.37109375 0.8875 0.14375 0.0890625
14 0.740625 0.90625 0.215625 0.109375
79 0.5609375 0.91328125 0.1625 0.078125
88 0.703125 0.225 0.140625 0.0546875
53 0.40390625 0.22109375 0.1421875 0.04375
23 0.56171875 0.228125 0.2015625 0.0390625
84 0.4015625 0.4109375 0.1203125 0.1265625
42 0.62578125 0.4640625 0.1890625 0.05625