83 0.63046875 0.584375 0.11875 0.0671875
58 0.77265625 0.5953125 0.1546875 0.090625
27 0.45 0.6109375 0.2625 0.059375
21 0.378125 0.8609375 0.165625 0.115625
41 0.72109375 0.87578125 0.2484375 0.10625
19 0.55546875 0.8859375 0.13125 0.084375
28 0.52421875 0.946875 0.2375 0.0515625
81 0.80390625 0.1671875 0.1734375 0.1609375
32 0.6703125 0.22265625 0.1125 0.05
42 0.43671875 0.21953125 0.2828125 0.0484375
84 0.40546875 0.41328125 0.134375 0.140625
45 0.53359375 0.421875 0.06875 0.1078125
61 0.75546875 0.434375 0.184375 0.1015625
85 0.5921875 0.44921875 0.225 0.078125