13 0.43125 0.596875 0.1875 0.1109375
26 0.75546875 0.58984375 0.2125 0.10625
88 0.5640625 0.6046875 0.1546875 0.0953125
70 0.50390625 0.8640625 0.1484375 0.0734375
21 0.38515625 0.90546875 0.178125 0.115625
81 0.359375 0.19140625 0.265625 0.134375
38 0.678125 0.20625 0.109375 0.0609375
53 0.78203125 0.2078125 0.14375 0.0484375
79 0.55859375 0.225 0.134375 0.0375
45 0.35078125 0.4265625 0.0671875 0.10625
83 0.578125 0.4390625 0.14375 0.0875
10 0.71640625 0.4421875 0.153125 0.0828125
25 0.40703125 0.459375 0.128125 0.0625