23 0.77890625 0.4703125 0.259375 0.04375
27 0.62734375 0.6 0.1703125 0.0515625
19 0.3859375 0.61015625 0.1609375 0.0703125
17 0.78828125 0.6171875 0.1359375 0.0421875
84 0.60234375 0.82734375 0.1078125 0.1203125
42 0.47578125 0.88046875 0.196875 0.0859375
14 0.73359375 0.88515625 0.1640625 0.0890625
36 0.61484375 0.1984375 0.1203125 0.0953125
26 0.41640625 0.2078125 0.1796875 0.071875
10 0.7796875 0.2171875 0.171875 0.0546875
57 0.40390625 0.40234375 0.09375 0.1546875
30 0.7328125 0.44296875 0.0671875 0.053125
33 0.56484375 0.45546875 0.109375 0.05