10 0.39453125 0.58828125 0.1859375 0.0796875
19 0.53203125 0.61484375 0.1875 0.0796875
28 0.73359375 0.6328125 0.1296875 0.05625
25 0.3796875 0.8671875 0.140625 0.065625
83 0.5703125 0.87890625 0.125 0.0859375
27 0.7453125 0.91875 0.215625 0.115625
84 0.79765625 0.190625 0.121875 0.14375
88 0.5171875 0.2125 0.2171875 0.075
32 0.3703125 0.20859375 0.1171875 0.0515625
81 0.3953125 0.4078125 0.196875 0.15625
45 0.5375 0.42265625 0.0703125 0.10625
61 0.7625 0.44375 0.1875 0.1125
85 0.59296875 0.4515625 0.225 0.0859375