88 0.55703125 0.60234375 0.1609375 0.096875
26 0.753125 0.6 0.215625 0.0953125
17 0.37421875 0.62421875 0.1359375 0.0484375
81 0.79375 0.846875 0.15625 0.225
58 0.65625 0.8671875 0.1421875 0.1078125
25 0.575 0.2109375 0.084375 0.05
38 0.7015625 0.2140625 0.1046875 0.046875
53 0.79375 0.21640625 0.128125 0.0390625
45 0.740625 0.4140625 0.0625 0.0921875
21 0.39453125 0.43984375 0.171875 0.0890625
41 0.7859375 0.4421875 0.1625 0.0796875
23 0.6125 0.45859375 0.1921875 0.0625
85 0.39921875 0.46484375 0.25 0.075