17 0.4671875 0.46875 0.134375 0.05
23 0.61953125 0.4796875 0.1140625 0.040625
36 0.440625 0.54296875 0.15 0.1078125
21 0.5859375 0.578125 0.175 0.0890625
30 0.759375 0.60390625 0.09375 0.06875
26 0.4390625 0.60625 0.296875 0.1171875
42 0.7078125 0.63046875 0.240625 0.0640625
57 0.7390625 0.8390625 0.090625 0.153125
70 0.38671875 0.83828125 0.153125 0.0734375
57 0.7890625 0.8671875 0.115625 0.178125
85 0.5296875 0.85625 0.1375 0.08125
84 0.653125 0.8734375 0.115625 0.14375
44 0.365625 0.90546875 0.2015625 0.096875
13 0.753125 0.9328125 0.20625 0.13125
14 0.5125 0.9328125 0.121875 0.084375
53 0.3421875 0.9640625 0.0609375 0.0375
81 0.365625 0.1453125 0.19375 0.196875
84 0.7953125 0.19609375 0.1046875 0.1453125
45 0.84921875 0.20625 0.0703125 0.13125
61 0.68203125 0.203125 0.1390625 0.09375
88 0.50703125 0.2125 0.1890625 0.075
41 0.78984375 0.4375 0.1734375 0.1625
83 0.56875 0.4375 0.11875 0.0765625
10 0.40859375 0.4375 0.171875 0.075
23 0.74609375 0.471875 0.14375 0.071875
38 0.34140625 0.4546875 0.1 0.0609375