36 0.41171875 0.56328125 0.1578125 0.1265625
26 0.759375 0.596875 0.209375 0.0984375
23 0.5578125 0.61171875 0.225 0.0796875
38 0.36328125 0.615625 0.0984375 0.0640625
13 0.79453125 0.8703125 0.18125 0.134375
44 0.4171875 0.90703125 0.1828125 0.08125
30 0.6390625 0.915625 0.0796875 0.0796875
25 0.584375 0.2109375 0.09375 0.05625
17 0.75234375 0.22421875 0.1296875 0.028125
21 0.4015625 0.421875 0.1609375 0.059375
45 0.7046875 0.428125 0.065625 0.10625
88 0.56484375 0.44296875 0.14375 0.078125
70 0.42578125 0.46640625 0.2578125 0.0625