79 0.375 0.46484375 0.14375 0.046875
61 0.36328125 0.5765625 0.15625 0.115625
38 0.7359375 0.6265625 0.1109375 0.06875
42 0.54375 0.6203125 0.19375 0.078125
58 0.5578125 0.8625 0.203125 0.096875
36 0.5609375 0.88203125 0.171875 0.1640625
30 0.6890625 0.90703125 0.078125 0.0765625
41 0.346875 0.9125 0.2125 0.1328125
84 0.390625 0.17109375 0.1125 0.13125
83 0.77890625 0.22421875 0.1390625 0.075
13 0.6 0.21796875 0.190625 0.0640625
57 0.578125 0.40703125 0.10625 0.16875
17 0.76484375 0.47421875 0.1578125 0.0578125