84 0.7421875 0.56171875 0.1125 0.1359375
36 0.3265625 0.5859375 0.125 0.1171875
13 0.63046875 0.60625 0.1984375 0.0875
79 0.4453125 0.628125 0.134375 0.046875
57 0.6515625 0.815625 0.09375 0.159375
45 0.33671875 0.84765625 0.0546875 0.103125
61 0.45625 0.85234375 0.190625 0.09375
53 0.74453125 0.90546875 0.15625 0.090625
70 0.371875 0.92578125 0.178125 0.1234375
36 0.33125 0.1796875 0.1640625 0.146875
83 0.68359375 0.20546875 0.1671875 0.0796875
84 0.75859375 0.4171875 0.1203125 0.1296875
30 0.3265625 0.46484375 0.08125 0.0640625
41 0.52421875 0.4640625 0.246875 0.0609375