23 0.621875 0.4703125 0.109375 0.040625
36 0.44609375 0.56875 0.1359375 0.134375
84 0.35703125 0.578125 0.1125 0.140625
21 0.58828125 0.578125 0.178125 0.090625
30 0.7203125 0.60625 0.0796875 0.0640625
57 0.76171875 0.8296875 0.1078125 0.1625
57 0.80859375 0.85078125 0.103125 0.165625
13 0.62421875 0.8515625 0.2046875 0.096875
85 0.3671875 0.8875 0.165625 0.11875
81 0.34296875 0.1640625 0.228125 0.1578125
84 0.534375 0.17734375 0.121875 0.128125
61 0.6640625 0.19765625 0.1484375 0.0875
38 0.80546875 0.21796875 0.1125 0.046875
41 0.78671875 0.42109375 0.1671875 0.153125
45 0.3390625 0.43515625 0.0625 0.115625
83 0.56875 0.43828125 0.11875 0.075
88 0.43984375 0.44765625 0.14375 0.065625
23 0.73984375 0.45859375 0.1375 0.0640625