23 0.625 0.47734375 0.1 0.04375
21 0.6328125 0.55625 0.15625 0.046875
83 0.40703125 0.57265625 0.1578125 0.059375
30 0.76875 0.5921875 0.0703125 0.059375
58 0.6515625 0.60078125 0.203125 0.096875
38 0.8171875 0.63125 0.121875 0.059375
79 0.41953125 0.62890625 0.1578125 0.046875
84 0.77109375 0.83203125 0.1046875 0.1015625
17 0.52421875 0.84453125 0.1109375 0.0734375
70 0.3984375 0.85390625 0.14375 0.09375
42 0.7515625 0.91484375 0.171875 0.08125
53 0.35859375 0.9234375 0.1546875 0.084375
44 0.53359375 0.9578125 0.1953125 0.08125
81 0.34453125 0.15703125 0.1796875 0.1796875
84 0.7859375 0.18515625 0.1 0.1359375
61 0.67265625 0.18515625 0.115625 0.05
45 0.83515625 0.19296875 0.065625 0.115625
85 0.67265625 0.21328125 0.2453125 0.0828125
88 0.490625 0.21328125 0.1625 0.059375
36 0.51640625 0.4109375 0.13125 0.13125
41 0.7859375 0.4234375 0.1734375 0.146875
36 0.64921875 0.42578125 0.1515625 0.1
10 0.39765625 0.44140625 0.1609375 0.0484375
25 0.425 0.45234375 0.1453125 0.053125
23 0.7421875 0.4671875 0.13125 0.0671875