36 0.5890625 0.58515625 0.178125 0.096875
88 0.728125 0.590625 0.1375 0.08125
81 0.4046875 0.60546875 0.265625 0.084375
14 0.378125 0.88671875 0.1828125 0.09375
79 0.5375 0.88984375 0.121875 0.0609375
25 0.74765625 0.89140625 0.1109375 0.0734375
84 0.3390625 0.17578125 0.115625 0.1359375
84 0.59375 0.184375 0.1125 0.121875
21 0.7375 0.2078125 0.16875 0.071875
10 0.46171875 0.21875 0.16875 0.059375
58 0.70546875 0.434375 0.196875 0.08125
26 0.3609375 0.44609375 0.1875 0.084375
30 0.753125 0.4625 0.078125 0.0625
23 0.53203125 0.46484375 0.18125 0.059375