70 0.5109375 0.590625 0.246875 0.065625
30 0.35 0.60390625 0.078125 0.0640625
23 0.7390625 0.6234375 0.234375 0.06875
57 0.615625 0.81953125 0.090625 0.153125
57 0.62578125 0.846875 0.096875 0.1609375
83 0.4796875 0.86796875 0.1609375 0.0984375
53 0.34765625 0.8796875 0.1203125 0.084375
84 0.3859375 0.17265625 0.10625 0.134375
36 0.7984375 0.19453125 0.1171875 0.1140625
88 0.53984375 0.215625 0.1765625 0.0640625
81 0.4140625 0.44453125 0.278125 0.090625
14 0.69140625 0.46484375 0.19375 0.0546875