61 0.36640625 0.58671875 0.1421875 0.0953125
21 0.515625 0.5921875 0.175 0.09375
25 0.6890625 0.6015625 0.140625 0.059375
13 0.36171875 0.875 0.165625 0.084375
53 0.77421875 0.88203125 0.15 0.078125
23 0.503125 0.88984375 0.121875 0.09375
23 0.66015625 0.896875 0.084375 0.078125
26 0.759375 0.203125 0.21875 0.078125
17 0.35 0.22421875 0.128125 0.0359375
79 0.51328125 0.2265625 0.134375 0.028125
83 0.37109375 0.43671875 0.1375 0.084375
38 0.678125 0.45390625 0.10625 0.0609375
30 0.78671875 0.45546875 0.0796875 0.065625
70 0.52265625 0.46328125 0.16875 0.065625