84 0.77109375 0.56953125 0.1109375 0.1375
36 0.3546875 0.58125 0.1421875 0.1125
13 0.53515625 0.5953125 0.1765625 0.08125
38 0.709375 0.62578125 0.115625 0.0671875
57 0.6578125 0.821875 0.0984375 0.1609375
30 0.3515625 0.865625 0.0734375 0.06875
45 0.3703125 0.88828125 0.0609375 0.109375
25 0.6109375 0.91484375 0.1359375 0.0890625
88 0.76640625 0.2203125 0.2 0.0671875
17 0.52734375 0.22421875 0.1375 0.040625
58 0.565625 0.44765625 0.15625 0.109375
83 0.3875 0.446875 0.1453125 0.08125
85 0.79453125 0.4578125 0.121875 0.071875
85 0.6859375 0.45859375 0.0828125 0.0578125