41 0.646875 0.5578125 0.2671875 0.0984375
58 0.3578125 0.58046875 0.221875 0.1
81 0.6265625 0.603125 0.240625 0.1015625
61 0.26875 0.85859375 0.1328125 0.10625
17 0.42890625 0.875 0.146875 0.078125
42 0.66015625 0.88671875 0.2046875 0.1125
45 0.45390625 0.18984375 0.0703125 0.10625
83 0.3015625 0.190625 0.1671875 0.0796875
88 0.55625 0.2125 0.1671875 0.0859375
13 0.69765625 0.22578125 0.121875 0.059375
26 0.321875 0.40625 0.215625 0.0921875
21 0.69140625 0.45546875 0.1953125 0.1046875
79 0.48515625 0.4578125 0.1359375 0.0453125