84 0.74453125 0.55859375 0.1171875 0.1359375
36 0.328125 0.5890625 0.128125 0.11875
13 0.63359375 0.603125 0.2046875 0.0890625
79 0.44765625 0.62890625 0.1359375 0.05
45 0.34140625 0.8484375 0.05625 0.1
61 0.46015625 0.85234375 0.190625 0.0953125
30 0.70703125 0.853125 0.071875 0.06875
17 0.58203125 0.90234375 0.1453125 0.0859375
53 0.75078125 0.90078125 0.159375 0.0921875
44 0.40234375 0.940625 0.2359375 0.1
36 0.32578125 0.1828125 0.165625 0.146875
70 0.70078125 0.2109375 0.1703125 0.065625
57 0.3328125 0.41484375 0.10625 0.1765625
84 0.72734375 0.4140625 0.1203125 0.13125
41 0.5234375 0.4640625 0.246875 0.065625