26 0.459375 0.59375 0.190625 0.0875
19 0.80234375 0.6046875 0.1765625 0.065625
27 0.6296875 0.60625 0.153125 0.05
41 0.740625 0.82265625 0.196875 0.1171875
61 0.5890625 0.85 0.1296875 0.115625
36 0.81171875 0.8625 0.096875 0.134375
58 0.4 0.89609375 0.15 0.0765625
45 0.4703125 0.19375 0.059375 0.096875
88 0.60078125 0.21015625 0.153125 0.0671875
83 0.7796875 0.21171875 0.1296875 0.065625
57 0.78046875 0.39609375 0.0828125 0.15
81 0.4875 0.40078125 0.28125 0.134375
32 0.40234375 0.45234375 0.103125 0.053125
42 0.653125 0.4625 0.184375 0.0515625