26 0.59140625 0.58828125 0.184375 0.1078125
42 0.7703125 0.6109375 0.2015625 0.0703125
27 0.40234375 0.6046875 0.184375 0.0671875
70 0.565625 0.88828125 0.1359375 0.075
79 0.7203125 0.89609375 0.15625 0.0796875
14 0.39296875 0.89609375 0.1828125 0.10625
84 0.7875 0.18046875 0.121875 0.1375
81 0.4140625 0.20703125 0.2734375 0.0796875
10 0.646875 0.2140625 0.19375 0.0640625
83 0.38046875 0.44921875 0.1296875 0.0765625
32 0.56640625 0.45546875 0.1296875 0.0640625
23 0.7421875 0.46484375 0.1625 0.059375