36 0.47890625 0.56328125 0.128125 0.128125
70 0.59609375 0.6046875 0.19375 0.078125
17 0.365625 0.615625 0.134375 0.059375
23 0.7703125 0.61953125 0.184375 0.0734375
57 0.76953125 0.8421875 0.1046875 0.171875
61 0.63984375 0.8625 0.140625 0.121875
13 0.50859375 0.878125 0.19375 0.109375
53 0.36484375 0.88359375 0.14375 0.0875
36 0.80390625 0.18984375 0.1125 0.1046875
41 0.40859375 0.21484375 0.259375 0.0609375
81 0.42421875 0.440625 0.24375 0.084375
88 0.56796875 0.46015625 0.190625 0.065625
42 0.75390625 0.4625 0.19375 0.059375