14 0.7734375 0.4625 0.215625 0.0578125
61 0.371875 0.5875 0.1578125 0.109375
81 0.53671875 0.60546875 0.3109375 0.103125
38 0.7421875 0.6109375 0.103125 0.0625
58 0.5765625 0.85546875 0.1765625 0.1
36 0.5859375 0.87421875 0.1359375 0.15
30 0.71796875 0.89296875 0.0765625 0.0734375
41 0.37890625 0.92109375 0.2 0.128125
84 0.3671875 0.18125 0.1125 0.13125
83 0.7625 0.20390625 0.1453125 0.0703125
13 0.57890625 0.2140625 0.1890625 0.0609375
88 0.56171875 0.44296875 0.1671875 0.078125
42 0.4015625 0.46484375 0.196875 0.0640625