18 0.9625 0.18515625 0.075 0.2890625
18 0.85390625 0.18203125 0.134375 0.271875
18 0.71015625 0.16015625 0.1515625 0.3203125
18 0.571875 0.15625 0.1296875 0.309375
68 0.378125 0.44765625 0.1390625 0.0796875
68 0.2015625 0.45234375 0.1515625 0.0640625
68 0.24453125 0.11875 0.1671875 0.078125
68 0.759375 0.9125 0.3109375 0.125
68 0.17734375 0.77890625 0.2875 0.125
68 0.22578125 0.97109375 0.3078125 0.0578125
68 0.65625 0.74140625 0.1625 0.0703125
68 0.83515625 0.73828125 0.1484375 0.0609375
92 0.7578125 0.62421875 0.19375 0.1140625
88 0.40546875 0.60859375 0.1609375 0.15
31 0.0484375 0.59609375 0.0796875 0.10625
88 0.12578125 0.628125 0.065625 0.0671875
31 0.25078125 0.53828125 0.10625 0.06875
68 0.93359375 0.6015625 0.1328125 0.1765625
68 0.45859375 0.4125 0.1390625 0.128125
68 0.59375 0.43125 0.109375 0.1
64 0.8265625 0.4125 0.346875 0.1390625
51 0.26953125 0.23828125 0.1046875 0.065625
53 0.23359375 0.29296875 0.1453125 0.053125
62 0.084375 0.22734375 0.0828125 0.0625
88 0.16640625 0.2421875 0.0671875 0.071875
31 0.0890625 0.28671875 0.1671875 0.05625
15 0.05 0.08671875 0.1 0.0796875
88 0.4125 0.1078125 0.125 0.1125
54 0.246875 0.0328125 0.109375 0.065625