88 0.0140625 0.58984375 0.028125 0.0265625
88 0.0140625 0.56328125 0.028125 0.0265625
88 0.00859375 0.51640625 0.0171875 0.034375
88 0.00859375 0.55 0.0171875 0.0265625
88 0.01640625 0.5640625 0.0328125 0.0375
19 0.03359375 0.38515625 0.0671875 0.0703125
76 0.04140625 0.4421875 0.0828125 0.053125
57 0.21953125 0.46171875 0.1609375 0.0578125
57 0.196875 0.4265625 0.171875 0.053125
57 0.20859375 0.36484375 0.0890625 0.053125
57 0.1 0.36328125 0.1109375 0.046875
93 0.825 0.303125 0.10625 0.046875
93 0.83046875 0.35 0.10625 0.046875
93 0.8390625 0.39140625 0.1 0.05
93 0.846875 0.425 0.09375 0.040625
21 0.8890625 0.7046875 0.1609375 0.134375