37 0.28046875 0.25703125 0.0953125 0.1328125
37 0.346875 0.26171875 0.078125 0.1140625
23 0.4359375 0.28203125 0.078125 0.0828125
23 0.4890625 0.2765625 0.05625 0.0875
23 0.528125 0.275 0.05625 0.0796875
15 0.59140625 0.28359375 0.0953125 0.0796875
43 0.678125 0.246875 0.134375 0.1265625
45 0.828125 0.18984375 0.14375 0.2328125
40 0.5890625 0.60703125 0.2 0.3609375
51 0.1640625 0.91328125 0.15 0.1734375
93 0.3859375 0.79140625 0.128125 0.2171875
15 0.65859375 0.8984375 0.4109375 0.203125
13 0.19453125 0.7453125 0.1453125 0.215625
13 0.25546875 0.71484375 0.1328125 0.1828125