25 0.9640625 0.3546875 0.071875 0.0703125
32 0.96953125 0.40703125 0.0609375 0.0265625
32 0.96953125 0.43359375 0.0609375 0.0265625
32 0.96953125 0.45859375 0.0609375 0.0234375
88 0.7859375 0.40703125 0.1609375 0.046875
15 0.6859375 0.38203125 0.171875 0.040625
31 0.66953125 0.46328125 0.134375 0.040625
15 0.8109375 0.28984375 0.134375 0.0390625
15 0.671875 0.421875 0.1453125 0.046875
10 0.69453125 0.53828125 0.1890625 0.04375
10 0.703125 0.571875 0.1953125 0.046875
13 0.05 0.28359375 0.1 0.0390625
13 0.04140625 0.259375 0.0828125 0.040625
13 0.0359375 0.24296875 0.071875 0.034375
13 0.028125 0.24296875 0.05625 0.040625
13 0.021875 0.27421875 0.04375 0.0421875
54 0.05859375 0.33359375 0.1171875 0.0671875
54 0.053125 0.38359375 0.10625 0.0609375
93 0.971875 0.24296875 0.05625 0.034375
93 0.96953125 0.2765625 0.0609375 0.034375
93 0.96640625 0.30859375 0.0671875 0.0375
93 0.7 0.63359375 0.221875 0.0390625
93 0.69453125 0.6 0.215625 0.034375
57 0.2 0.59140625 0.4 0.04375