32 0.3859375 0.51640625 0.1109375 0.0578125
32 0.35859375 0.48671875 0.1171875 0.046875
32 0.46640625 0.496875 0.0890625 0.0609375
25 0.65 0.50703125 0.2 0.0703125
23 0.346875 0.68671875 0.0890625 0.109375
23 0.4109375 0.6796875 0.078125 0.09375
23 0.45 0.671875 0.071875 0.0796875
23 0.4890625 0.66328125 0.084375 0.090625
10 0.7609375 0.703125 0.15 0.1078125
10 0.728125 0.6453125 0.1109375 0.0625
10 0.628125 0.68203125 0.1390625 0.0796875
50 0.2140625 0.7796875 0.25 0.1203125
15 0.23046875 0.878125 0.2 0.1234375
15 0.4109375 0.8484375 0.184375 0.1109375
15 0.59453125 0.8484375 0.20625 0.1109375
61 0.76640625 0.853125 0.178125 0.1109375
61 0.88359375 0.8796875 0.1 0.103125
10 0.69453125 0.1234375 0.171875 0.1109375
15 0.271875 0.10859375 0.228125 0.1265625
15 0.51953125 0.1046875 0.1671875 0.1078125
15 0.375 0.0953125 0.15 0.10625