93 0.53359375 0.5 0.04375 0.0265625
93 0.53359375 0.475 0.04375 0.0296875
93 0.575 0.5 0.04375 0.0265625
93 0.578125 0.4734375 0.0453125 0.0265625
57 0.5609375 0.575 0.0671875 0.0390625
57 0.5609375 0.61171875 0.0671875 0.034375
25 0.56640625 0.53515625 0.0671875 0.05
76 0.69453125 0.51171875 0.1 0.0765625
15 0.696875 0.5546875 0.0671875 0.0375
15 0.725 0.5765625 0.0671875 0.034375
10 0.88046875 0.55 0.071875 0.034375
10 0.88359375 0.51796875 0.0671875 0.034375
13 0.8390625 0.503125 0.05625 0.0609375
32 0.4609375 0.4296875 0.05625 0.0203125
32 0.4640625 0.41328125 0.05625 0.0203125
32 0.45859375 0.36015625 0.05 0.0265625
51 0.878125 0.61484375 0.0890625 0.040625
51 0.875 0.58515625 0.084375 0.0296875