93 0.46640625 0.5 0.0453125 0.0265625
93 0.46640625 0.525 0.0453125 0.0296875
93 0.425 0.5 0.0453125 0.0265625
93 0.421875 0.5265625 0.0453125 0.0265625
57 0.4390625 0.425 0.0671875 0.040625
57 0.4390625 0.38828125 0.0671875 0.0328125
25 0.43359375 0.46484375 0.0671875 0.05
76 0.30546875 0.48828125 0.1 0.0734375
15 0.303125 0.4453125 0.0671875 0.0375
15 0.275 0.4234375 0.0671875 0.034375
10 0.11953125 0.45 0.071875 0.034375
10 0.11640625 0.48203125 0.0671875 0.034375
13 0.1609375 0.496875 0.05625 0.0609375
32 0.5390625 0.5703125 0.05625 0.0203125
32 0.5359375 0.58671875 0.0546875 0.0203125
32 0.54140625 0.63984375 0.05 0.0265625
51 0.121875 0.38515625 0.0890625 0.0375
51 0.125 0.41484375 0.084375 0.0296875