76 0.346875 0.36796875 0.171875 0.0703125
32 0.65546875 0.121875 0.021875 0.0203125
32 0.678125 0.11796875 0.021875 0.0171875
32 0.7 0.11484375 0.015625 0.0203125
32 0.71640625 0.11171875 0.021875 0.0234375
15 0.3359375 0.528125 0.0609375 0.0359375
15 0.3890625 0.50859375 0.05 0.0296875
10 0.50546875 0.4265625 0.05 0.0296875
10 0.521875 0.45 0.05625 0.034375
51 0.39140625 0.4296875 0.0671875 0.0296875
25 0.396875 0.23671875 0.0609375 0.04375
89 0.50859375 0.171875 0.0453125 0.046875
89 0.68046875 0.18671875 0.05 0.053125