13 0.159375 0.47890625 0.16875 0.209375
13 0.4421875 0.55078125 0.034375 0.178125
13 0.41953125 0.596875 0.0453125 0.215625
31 0.47734375 0.37578125 0.0671875 0.096875
31 0.45 0.41015625 0.065625 0.096875
31 0.4421875 0.31953125 0.034375 0.09375
10 0.68203125 0.33671875 0.0921875 0.134375
10 0.75859375 0.396875 0.0734375 0.11875
10 0.68203125 0.45625 0.0984375 0.1375
10 0.2953125 0.55625 0.053125 0.0875
88 0.17265625 0.228125 0.0703125 0.09375
88 0.21640625 0.2875 0.0578125 0.078125
88 0.79609375 0.73046875 0.0640625 0.065625
88 0.81796875 0.77265625 0.0453125 0.0875
62 0.853125 0.35078125 0.08125 0.13125
62 0.8546875 0.50234375 0.090625 0.1125
62 0.23671875 0.72578125 0.0796875 0.096875
62 0.20078125 0.790625 0.0796875 0.1265625