1 0.63046875 0.59765625 0.24375 0.0546875
1 0.49609375 0.1890625 0.346875 0.0875
0 0.30546875 0.6171875 0.0984375 0.0625
0 0.39453125 0.60390625 0.08125 0.0453125
0 0.31015625 0.5703125 0.109375 0.034375
0 0.31328125 0.54375 0.10625 0.025
7 0.66875 0.82265625 0.096875 0.0734375
7 0.715625 0.78984375 0.09375 0.0640625
7 0.53984375 0.69296875 0.0625 0.0328125
7 0.55859375 0.7265625 0.075 0.053125
8 0.71875 0.20546875 0.096875 0.0515625
8 0.78671875 0.21953125 0.028125 0.0140625
5 0.23359375 0.190625 0.2875 0.034375
5 0.22265625 0.21953125 0.3046875 0.0296875