88 0.9 0.35 0.0875 0.1125
88 0.88515625 0.23828125 0.0765625 0.096875
88 0.8328125 0.26328125 0.05 0.115625
88 0.79296875 0.30234375 0.0390625 0.078125
62 0.77578125 0.58046875 0.0765625 0.09375
62 0.16171875 0.26875 0.0578125 0.134375
62 0.7734375 0.38203125 0.0625 0.08125
62 0.73828125 0.40859375 0.0328125 0.0375
10 0.57734375 0.85546875 0.0734375 0.103125
10 0.53515625 0.68046875 0.0296875 0.096875
10 0.58828125 0.346875 0.0890625 0.128125
10 0.58046875 0.26171875 0.0734375 0.06875
13 0.1171875 0.834375 0.125 0.325
13 0.27421875 0.50078125 0.1046875 0.10625
13 0.35390625 0.50859375 0.0421875 0.059375
13 0.77578125 0.41015625 0.1828125 0.1875
31 0.57109375 0.46015625 0.0609375 0.1625
31 0.603125 0.46875 0.059375 0.140625