88 0.340625 0.32890625 0.103125 0.0515625
88 0.434375 0.3296875 0.09375 0.0625
88 0.49921875 0.72421875 0.071875 0.0390625
88 0.6375 0.69296875 0.059375 0.0390625
62 0.30859375 0.53984375 0.090625 0.0640625
62 0.346875 0.5 0.034375 0.021875
62 0.57578125 0.68984375 0.071875 0.0453125
62 0.60078125 0.73046875 0.08125 0.0578125
10 0.51640625 0.32578125 0.078125 0.0578125
10 0.38984375 0.515625 0.0875 0.053125
10 0.55625 0.48984375 0.046875 0.0140625
13 0.69765625 0.559375 0.246875 0.10625
13 0.56796875 0.52109375 0.15625 0.0578125
13 0.53671875 0.58125 0.09375 0.0625
31 0.38828125 0.55546875 0.059375 0.0359375
31 0.45546875 0.52734375 0.06875 0.0390625
31 0.45859375 0.57421875 0.078125 0.0390625